0.22410119 43379896 22347
0.22203045 43379896 19860
0.21156706 43379896 17925
0.20611951 43379896 19311
0.20313185 43379896 16865
0.18186834 43379896 16396
0.17241956 43379896 17461
0.16332209 43379896 16659
0.15323941 43379896 19811
0.15104003 43379896 17626
0.14563574 43379896 21621
0.13463187 43379896 17145
0.12905197 43379896 20519
0.12898575 43379896 18318
0.12863111 43379896 17884
0.12818466 43379896 17595
0.12785575 43379896 18296
0.10702235 43379896 16658
0.10688335 43379896 19398
0.10354617 43379896 19875
0.10179685 43379896 18453
0.10141466 43379896 20501
0.100268245 43379896 19697
0.09858166 43379896 16425
0.09793693 43379896 18056
0.094963945 43379896 18213
0.09279102 43379896 16336
0.09072011 43379896 18731
0.09072011 43379896 18730
0.09042976 43379896 16050
0.08939804 43379896 17795
0.089231305 43379896 16340
0.089231305 43379896 16339
0.089231305 43379896 16337
0.089231305 43379896 16335
0.08900684 43379896 16210
0.08565311 43379896 13288
0.08544293 43379896 16833
0.083386876 43379896 17769
0.08263187 43379896 20827
0.0808927 43379896 22154
0.08053654 43379896 17823
0.080204174 43379896 16618
0.079989515 43379896 16375
0.07992835 43379896 20204
0.07991281 43379896 20790
0.07897839 43379896 16174
0.07894834 43379896 19602
0.078293055 43379896 21583
0.076873735 43379896 17935
0.07676677 43379896 20208
0.076456256 43379896 16051
0.07591455 43379896 20949
0.07493383 43379896 20174
0.07481623 43379896 17133
0.07450766 43379896 21176
0.07446882 43379896 18373
0.073161766 43379896 19863
0.07291632 43379896 18852
0.07217246 43379896 18719
0.07109138 43379896 16258
0.069819465 43379896 21957
0.06921188 43379896 19470
0.06867373 43379896 20458
0.06760888 43379896 20839
0.06748873 43379896 21282
0.066817775 43379896 19926
0.06520542 43379896 20967
0.0644416 43379896 16417
0.06423229 43379896 21586
0.06399215 43379896 19581
0.06302243 43379896 16648
0.06284563 43379896 21216
0.062338665 43379896 21945
0.061691925 43379896 19668
0.061344232 43379896 21181
0.059659842 43379896 16592
0.058673482 43379896 18241
0.058673482 43379896 18241
0.05863356 43379896 18199
0.057571054 43379896 18832
0.05756721 43379896 13143
0.057296306 43379896 18520
0.057197753 43379896 21659
0.05703052 43379896 16711
0.056948572 43379896 21944
0.056065895 43379896 15854
0.05453648 43379896 17236
0.054528374 43379896 22007
0.054254018 43379896 22361
0.054175172 43379896 19299
0.05409432 43379896 22434
0.053857137 43379896 21189
0.053777162 43379896 17919
0.053707734 43379896 19199
0.0536732 43379896 16515
0.05323925 43379896 20736
0.053010654 43379896 17619
0.05296109 43379896 21921
0.052837316 43379896 18161
0.052715078 43379896 22268
0.051835258 43379896 21188
0.051404662 43379896 16512
0.05124215 43379896 19367
0.050994627 43379896 19249
0.050981835 43379896 20160
0.050808184 43379896 17497
0.050713018 43379896 22384
0.050364345 43379896 19844
0.0501747 43379896 20484
0.04961536 43379896 15057
0.04906536 43379896 18630
0.04906054 43379896 19622
0.049008615 43379896 14900
0.04876762 43379896 22432
0.048612095 43379896 19694
0.048059247 43379896 20151
0.047685727 43379896 17019
0.047651775 43379896 19048
0.04760617 43379896 19394
0.04759115 43379896 21579
0.047117926 43379896 18899
0.046802834 43379896 20556
0.046750803 43379896 18990
0.046739258 43379896 17186
0.046577618 43379896 18365
0.046244092 43379896 20990
0.045794874 43379896 21454
0.045091078 43379896 15886
0.044671245 43379896 16972
0.044634644 43379896 19651
0.044568084 43379896 16962
0.043649383 43379896 20387
0.043172456 43379896 19820
0.042824887 43379896 21524
0.042662784 43379896 19937
0.042518333 43379896 21204
0.042512875 43379896 22368
0.04244995 43379896 21411
0.042306036 43379896 17787
0.042028077 43379896 22267
0.04199665 43379896 18079
0.04182616 43379896 20470
0.041443452 43379896 17538
0.041272406 43379896 17254
0.04106485 43379896 18808
0.040916495 43379896 21509
0.04073915 43379896 21533
0.04059814 43379896 16061
0.040492702 43379896 19274
0.04039488 43379896 18451
0.040037107 43379896 21218
0.039735027 43379896 17165
0.03952078 43379896 20109
0.03932591 43379896 19038
0.03921824 43379896 19366
0.039217476 43379896 18094
0.03870241 43379896 17553
0.03861167 43379896 21641
0.038509436 43379896 18581
0.03843822 43379896 14844
0.038387604 43379896 20892
0.038337115 43379896 19327
0.038085002 43379896 19009
0.037781894 43379896 16964
0.037767753 43379896 16751
0.03765995 43379896 22410
0.0374759 43379896 21989
0.037464853 43379896 20405
0.037409797 43379896 17788
0.037269354 43379896 18628
0.037269354 43379896 18627
0.03696928 43379896 20737
0.0369118 43379896 20429
0.03674987 43379896 21858
0.036467183 43379896 21551
0.036384948 43379896 21933
0.036210384 43379896 21725
0.03612811 43379896 21603
0.03605576 43379896 17630
0.035983577 43379896 19222
0.03596735 43379896 18539
0.03570915 43379896 19598
0.035668887 43379896 22438
0.03566415 43379896 14647
0.03564019 43379896 12850
0.03563108 43379896 20832
0.03535391 43379896 15848
0.035328615 43379896 18510
0.0352771 43379896 14650
0.034825407 43379896 19446
0.0347949 43379896 21550
0.034698382 43379896 20558
0.034521498 43379896 18425
0.03441873 43379896 18470
0.03423204 43379896 20843
0.033853244 43379896 17460
0.03374122 43379896 17056
0.03362381 43379896 17320
0.0335185 43379896 16568
0.03268321 43379896 17376
0.032567058 43379896 16291
0.03220982 43379896 16756
0.032112554 43379896 18918
0.031995602 43379896 16801
0.03185575 43379896 19441
0.031745944 43379896 20971
0.031641304 43379896 17972
0.031318624 43379896 20516
0.031228052 43379896 21117
0.031115452 43379896 19648
0.031051818 43379896 19957
0.030986713 43379896 12959
0.030952962 43379896 16900
0.030926803 43379896 22074
0.030838393 43379896 21576
0.030770514 43379896 17136
0.030762004 43379896 20784
0.030636167 43379896 21653
0.030612735 43379896 12305
0.030493874 43379896 16518
0.03025585 43379896 19004
0.030139059 43379896 19656
0.030064965 43379896 18673
0.030014109 43379896 18847
0.029603662 43379896 21549
0.029540448 43379896 17842
0.029457344 43379896 12457
0.029455893 43379896 18939
0.029412609 43379896 21707
0.029410996 43379896 21897
0.029405426 43379896 19499
0.029313462 43379896 21040
0.029210346 43379896 18323
0.029131941 43379896 17621
0.029112702 43379896 19874
0.029086493 43379896 14856
0.028885446 43379896 17848
0.028858332 43379896 22115
0.0287598 43379896 18793
0.0287537 43379896 17710
0.028336147 43379896 20213
0.028286716 43379896 20488
0.02822823 43379896 15521
0.028076168 43379896 13468
0.027990565 43379896 21658
0.027955152 43379896 17200
0.02783699 43379896 21843
0.027688557 43379896 18609
0.027642913 43379896 20662
0.027611235 43379896 17398
0.027484236 43379896 18247
0.027338766 43379896 19400
0.027295668 43379896 21272
0.027292646 43379896 20543
0.027278481 43379896 19960
0.027222175 43379896 20156
0.027000215 43379896 22288
0.026848491 43379896 17026
0.026672287 43379896 19241
0.026632272 43379896 21953
0.026626388 43379896 20385
0.026422752 43379896 17412
0.026099378 43379896 19981
0.025949901 43379896 21971
0.025919791 43379896 17001
0.02571766 43379896 20654
0.025647514 43379896 16734
0.025469037 43379896 15529
0.02542714 43379896 20067
0.025411367 43379896 20455
0.025409129 43379896 18320
0.025337322 43379896 17434
0.025309823 43379896 15971
0.025196718 43379896 15461
0.025152864 43379896 20412
0.02510295 43379896 15796
0.025062844 43379896 17582
0.024994763 43379896 21223
0.024991982 43379896 20536
0.024991982 43379896 20273
0.024966994 43379896 19386
0.024739118 43379896 17763
0.024685886 43379896 19901
0.024622245 43379896 20409
0.02446222 43379896 19516
0.024455046 43379896 22025
0.024451632 43379896 17295
0.02423612 43379896 21474
0.023999114 43379896 18177
0.023840431 43379896 15999
0.02379788 43379896 19301
0.02377571 43379896 20871
0.023762636 43379896 14356
0.023760924 43379896 15108
0.023753935 43379896 21013
0.02368582 43379896 13762
0.023653416 43379896 17677
0.023634635 43379896 19505
0.023600118 43379896 16624
0.02353488 43379896 21976
0.023487497 43379896 22006
0.023462214 43379896 21981
0.023433704 43379896 11210
0.023412239 43379896 16526
0.023387913 43379896 21007
0.023372624 43379896 15934
0.023259966 43379896 20181
0.023196734 43379896 16991
0.022853041 43379896 15879
0.02283001 43379896 18875
0.02277151 43379896 18074
0.02273735 43379896 22032
0.022723017 43379896 18282
0.022582918 43379896 19361
0.022581082 43379896 17623
0.022506256 43379896 19681
0.022496413 43379896 16860
0.022449268 43379896 16466
0.022429483 43379896 18410
0.022341251 43379896 18651
0.022270037 43379896 18143
0.02220552 43379896 17857
0.022190664 43379896 18905
0.022094123 43379896 21452
0.022094123 43379896 21451
0.022082258 43379896 18737
0.02186884 43379896 19483
0.021738408 43379896 19731
0.021723831 43379896 19918
0.02172222 43379896 20554
0.021715336 43379896 17808
0.021713678 43379896 14503
0.021679882 43379896 22163
0.021573907 43379896 20196
0.021557055 43379896 17825
0.021391548 43379896 18774
0.021349635 43379896 16420
0.02128392 43379896 20553
0.021275684 43379896 22284
0.021253057 43379896 20046
0.021222703 43379896 14388
0.02114159 43379896 8835
0.021100841 43379896 19920
0.021066653 43379896 20146
0.021048814 43379896 18069
0.021048814 43379896 18069
0.021029178 43379896 22258
0.020981926 43379896 21726
0.020971391 43379896 19762
0.020922769 43379896 22291
0.020919211 43379896 22301
0.02090582 43379896 16842
0.020881642 43379896 18995
0.020867469 43379896 17317
0.02085401 43379896 16209
0.020702187 43379896 16253
0.02052525 43379896 18996
0.02050149 43379896 12871
0.020500759 43379896 20035
0.020497521 43379896 17041
0.020398386 43379896 19919
0.02032806 43379896 20932
0.020296603 43379896 16925
0.020267582 43379896 20441
0.020233184 43379896 20792
0.020213285 43379896 19090
0.020147674 43379896 18575
0.020019753 43379896 16074
0.019908825 43379896 21578
0.019891992 43379896 18417
0.0198729 43379896 15814
0.019681968 43379896 17542
0.019647282 43379896 17066
0.019544039 43379896 18380
0.019485112 43379896 17690
0.019435382 43379896 15458
0.019414831 43379896 10441
0.019384587 43379896 18967
0.01911555 43379896 14582
0.019082794 43379896 17782
0.019069275 43379896 22390
0.019004267 43379896 18260
0.018965857 43379896 16557
0.018945696 43379896 17709
0.018933186 43379896 20147
0.018914271 43379896 20651
0.018874414 43379896 20157
0.018820254 43379896 17805
0.018792294 43379896 20137
0.018767817 43379896 13755
0.01869711 43379896 19739
0.018691093 43379896 19859
0.018615797 43379896 21311
0.018558104 43379896 17707
0.018473152 43379896 20194
0.018462308 43379896 19176
0.018434692 43379896 15608
0.01836944 43379896 16279
0.018358365 43379896 21300
0.01810474 43379896 18502
0.018049631 43379896 20195
0.018037884 43379896 17986
0.018028578 43379896 20186
0.017943222 43379896 19815
0.017918706 43379896 20770
0.017888736 43379896 22386
0.01788193 43379896 12128
0.01788031 43379896 18115
0.017857185 43379896 19892
0.017847944 43379896 20731
0.017807389 43379896 18702
0.017797433 43379896 21844
0.017794086 43379896 21959
0.017758686 43379896 22334
0.017743666 43379896 20175
0.017718405 43379896 20842
0.017644664 43379896 18684
0.017631315 43379896 17862
0.01762166 43379896 22039
0.017566094 43379896 13359
0.017506693 43379896 22350
0.017457297 43379896 17873
0.017387645 43379896 21884
0.017351907 43379896 16725
0.01734974 43379896 18876
0.017318837 43379896 22240
0.017220734 43379896 18758
0.01719185 43379896 20148
0.017187346 43379896 20581
0.01717052 43379896 19774
0.017076502 43379896 17439
0.017048223 43379896 18275
0.01695218 43379896 19166
0.016892472 43379896 19393
0.016834496 43379896 20107
0.016818533 43379896 17293
0.01663391 43379896 17984
0.016629208 43379896 15910
0.016584886 43379896 18254
0.016571747 43379896 19300
0.016571747 43379896 19300
0.016496437 43379896 20254
0.016496437 43379896 20252
0.016433151 43379896 19856
0.016411169 43379896 17489
0.016407367 43379896 21676
0.016383518 43379896 17606
0.01629703 43379896 17310
0.016274415 43379896 20564
0.016274415 43379896 20563
0.016274415 43379896 20562
0.016274415 43379896 20561
0.01625561 43379896 16393
0.016186673 43379896 22079
0.016157662 43379896 16228
0.016048701 43379896 16634
0.016042959 43379896 19211
0.016019205 43379896 21902
0.015927395 43379896 22066
0.01588668 43379896 18048
0.015872907 43379896 18398
0.015852727 43379896 14009
0.015790772 43379896 17729
0.015789691 43379896 22061
0.015785428 43379896 20224
0.015658034 43379896 18512
0.015600834 43379896 19314
0.015586862 43379896 14308
0.015543266 43379896 20762
0.015537821 43379896 20503
0.015518383 43379896 20127
0.015499506 43379896 15881
0.015473865 43379896 17007
0.015423445 43379896 20206
0.015412514 43379896 19407
0.015360266 43379896 18202
0.015336144 43379896 21455
0.015331173 43379896 19205
0.01532734 43379896 12110
0.015311468 43379896 20786
0.015266812 43379896 19278
0.015251741 43379896 18922
0.015241994 43379896 20979
0.015239069 43379896 15656
0.015234432 43379896 20628
0.015202838 43379896 16703
0.01518893 43379896 17318
0.015161998 43379896 17865
0.015094509 43379896 18858
0.015062645 43379896 14471
0.0150535535 43379896 17599
0.015035501 43379896 18524
0.015003668 43379896 22103
0.015001999 43379896 20637
0.01490867 43379896 18836
0.014891304 43379896 19347
0.014880531 43379896 21459
0.01485762 43379896 20943
0.01483782 43379896 20076
0.014784266 43379896 21842
0.014729291 43379896 16343
0.014726795 43379896 20401
0.014719371 43379896 13207
0.014637509 43379896 20123
0.014631967 43379896 19292
0.014587212 43379896 16423
0.014577322 43379896 20250
0.014561492 43379896 16608
0.014549245 43379896 16764
0.014497323 43379896 20251
0.014467035 43379896 22082
0.014422491 43379896 10396
0.014405457 43379896 17034
0.014399406 43379896 17628
0.014392815 43379896 16308
0.014344407 43379896 17936
0.014261514 43379896 22102
0.014239783 43379896 22094
0.014237559 43379896 17248
0.01421601 43379896 17673
0.01419803 43379896 15214
0.014184956 43379896 17754
0.014155846 43379896 17249
0.014155103 43379896 10377
0.014132744 43379896 18576
0.014127265 43379896 17171
0.014119992 43379896 10376
0.014107888 43379896 17294
0.014090448 43379896 19654
0.014036777 43379896 20638
0.014031097 43379896 16688
0.014000867 43379896 17118
0.01399744 43379896 19940
0.013920831 43379896 18739
0.013913925 43379896 10378
0.013913103 43379896 19779
0.013907189 43379896 16395
0.013867527 43379896 19317
0.013842731 43379896 19528
0.013760973 43379896 16875
0.013705991 43379896 16767
0.013691107 43379896 19519
0.013638497 43379896 18483
0.013602707 43379896 14026
0.013598395 43379896 14713
0.013586089 43379896 18747
0.013574919 43379896 18791
0.013510005 43379896 14357
0.013507692 43379896 18891
0.01345441 43379896 21878
0.013445787 43379896 20077
0.013437969 43379896 21681
0.013378535 43379896 20807
0.013337349 43379896 19391
0.013329972 43379896 21798
0.013213058 43379896 17027
0.013165107 43379896 17746
0.013160183 43379896 14678
0.013152968 43379896 12330
0.013134347 43379896 16980
0.013105841 43379896 17209
0.013056034 43379896 17756
0.0129587 43379896 16391
0.012945284 43379896 19433
0.012928441 43379896 13960
0.012924669 43379896 19600
0.012887191 43379896 19427
0.012873352 43379896 15283
0.012861058 43379896 18902
0.01279852 43379896 16135
0.012775622 43379896 16120
0.012755809 43379896 18198
0.01275061 43379896 15908
0.012738839 43379896 21765
0.012733858 43379896 15518
0.0127153825 43379896 17215
0.012699812 43379896 20093
0.012647148 43379896 20222
0.012620855 43379896 19990
0.012551929 43379896 20801
0.012536468 43379896 19738
0.0125181265 43379896 17478
0.0124979 43379896 19935
0.012487552 43379896 13054
0.012430224 43379896 16714
0.012421383 43379896 20557
0.012391024 43379896 17765
0.012363475 43379896 20098
0.01234731 43379896 11257
0.01231694 43379896 18153
0.012288839 43379896 17507
0.0122823045 43379896 17705
0.0122287 43379896 16600
0.012211465 43379896 19287
0.012201471 43379896 21261
0.012199344 43379896 17370
0.012147438 43379896 16033
0.012143676 43379896 21780
0.012136893 43379896 17442
0.012135927 43379896 22281
0.01208149 43379896 14699
0.0120737795 43379896 19756
0.011974384 43379896 15358
0.011883453 43379896 20447
0.0118527105 43379896 21379
0.011852667 43379896 18499
0.011813185 43379896 22081
0.011792598 43379896 19033
0.011697093 43379896 19998
0.01168857 43379896 17676
0.01168159 43379896 18142
0.01165157 43379896 18366
0.011616265 43379896 16442
0.01156493 43379896 17838
0.011521 43379896 22008
0.011513233 43379896 21539
0.011433119 43379896 16686
0.011406578 43379896 15836
0.011398148 43379896 15870
0.011373706 43379896 17459
0.011355899 43379896 16208
0.011354269 43379896 17425
0.011333288 43379896 17943
0.011275546 43379896 20471
0.011199364 43379896 22254
0.011183275 43379896 15874
0.011172396 43379896 15803
0.011171294 43379896 16513
0.011120096 43379896 18293
0.011102008 43379896 17868
0.011100259 43379896 18924
0.011089565 43379896 18093
0.011027803 43379896 15432
0.011000754 43379896 15575
0.010964582 43379896 19819
0.010956917 43379896 19320
0.010955891 43379896 17917
0.010935442 43379896 20929
0.010913772 43379896 19182
0.010833649 43379896 20927
0.010824723 43379896 21915
0.010818382 43379896 19781
0.010789871 43379896 19153
0.010756892 43379896 16497
0.010699681 43379896 17668
0.010698655 43379896 16469
0.010691228 43379896 18136
0.010597908 43379896 19058
0.010567857 43379896 14970
0.010559174 43379896 20585
0.010519005 43379896 20055
0.01050262 43379896 20298
0.010481356 43379896 14630
0.010464653 43379896 16309
0.010440561 43379896 21155
0.010437035 43379896 22293
0.010406121 43379896 15938
0.010318914 43379896 19624
0.0103123505 43379896 18856
0.010304807 43379896 20586
0.010278391 43379896 17491
0.010265969 43379896 17945
0.010257125 43379896 21706
0.010256907 43379896 18337
0.010209099 43379896 17726
0.010206403 43379896 22237
0.010126368 43379896 20893
0.010122759 43379896 19868
0.010119419 43379896 19045
0.010119365 43379896 21675
0.010086104 43379896 17082
0.010074286 43379896 18920
0.009980615 43379896 20587
0.009973906 43379896 19181
0.009972632 43379896 18722
0.009966843 43379896 20588
0.009961473 43379896 18188
0.009921531 43379896 19675
0.009905199 43379896 21284
0.0098480955 43379896 18395
0.0098329205 43379896 20295
0.009821362 43379896 18647
0.009771436 43379896 16722
0.009766727 43379896 18100
0.009717386 43379896 16077
0.009709565 43379896 18997
0.00970159 43379896 17901
0.009674932 43379896 11464
0.00963748 43379896 18360
0.009633488 43379896 11944
0.00963175 43379896 18006
0.009602905 43379896 16944
0.009600394 43379896 19635
0.009582348 43379896 10541
0.009516685 43379896 19056
0.009501273 43379896 18195
0.0094518885 43379896 15828
0.009447358 43379896 21019
0.009428186 43379896 19929
0.009421508 43379896 21006
0.009369291 43379896 16068
0.009368613 43379896 17997
0.009340578 43379896 20244
0.009319525 43379896 19603
0.0092937965 43379896 17592
0.009284186 43379896 18394
0.009259575 43379896 19950
0.009131429 43379896 17112
0.009125959 43379896 17400
0.009125555 43379896 18862
0.00912065 43379896 20632
0.009057888 43379896 21713
0.009051641 43379896 22060
0.00903094 43379896 18605
0.009023337 43379896 17211
0.009023337 43379896 17183
0.009014421 43379896 18892
0.008995693 43379896 18861
0.008955207 43379896 21255
0.008929721 43379896 22331
0.008921289 43379896 18573
0.008921289 43379896 18555
0.0089157 43379896 22243
0.0089063 43379896 19134
0.00885394 43379896 14340
0.008849134 43379896 18552
0.008835799 43379896 20028
0.008825739 43379896 18699
0.008782655 43379896 18147
0.008755845 43379896 19743
0.008755845 43379896 19743
0.008753168 43379896 16983
0.00874929 43379896 15790
0.008746487 43379896 18624
0.008746487 43379896 18595
0.008746487 43379896 18593
0.008746487 43379896 18592
0.008666012 43379896 18879
0.008664098 43379896 16192
0.0086485855 43379896 18929
0.008645806 43379896 21333
0.008626173 43379896 21683
0.008608117 43379896 15469
0.008545922 43379896 22294
0.008517234 43379896 16793
0.008507086 43379896 20489
0.008486747 43379896 21530
0.008483157 43379896 19866
0.008462448 43379896 17622
0.008450016 43379896 17739
0.008444129 43379896 15417
0.008441015 43379896 17164
0.008421216 43379896 19647
0.00841713 43379896 18252
0.008410337 43379896 17651
0.008367099 43379896 14765
0.008361317 43379896 15913
0.008359122 43379896 20639
0.008346823 43379896 19251
0.008338428 43379896 18077
0.008315276 43379896 16913
0.008165397 43379896 17902
0.008156938 43379896 19751
0.008134775 43379896 20442
0.00808527 43379896 16976
0.0080721965 43379896 17718
0.008045192 43379896 20759
0.008015323 43379896 19517
0.007978143 43379896 22411
0.007949101 43379896 20010
0.007924587 43379896 21689
0.007918232 43379896 16705
0.007675186 43379896 17730
0.007671932 43379896 18789
0.007656 43379896 20033
0.007619904 43379896 22150
0.007619233 43379896 19961
0.007592812 43379896 16887
0.007581681 43379896 16975
0.007516183 43379896 19983
0.0074987747 43379896 21178
0.007495603 43379896 18086
0.0074616447 43379896 15939
0.0074278605 43379896 18926
0.007398879 43379896 21109
0.007371187 43379896 16821
0.0073673073 43379896 15764
0.007341407 43379896 17240
0.0073413295 43379896 12507
0.0072888755 43379896 20830
0.0072853626 43379896 17967
0.007191046 43379896 17738
0.0071891733 43379896 21698
0.0071553867 43379896 19269
0.007148424 43379896 16481
0.0070484946 43379896 20537
0.0070402324 43379896 20068
0.00701862 43379896 20180
0.0070026726 43379896 16137
0.006997364 43379896 22075
0.006969163 43379896 17643
0.0069103506 43379896 20521
0.006906828 43379896 17674
0.0069011967 43379896 22214
0.0068519977 43379896 19234
0.0067899767 43379896 21764
0.0067529525 43379896 18204
0.006744589 43379896 19310
0.006638617 43379896 14542
0.006632702 43379896 15520
0.0066185715 43379896 18081
0.006600567 43379896 16292
0.006591314 43379896 17898
0.006575444 43379896 16002
0.006564169 43379896 14214
0.0065424666 43379896 19348
0.006494765 43379896 19501
0.00644405 43379896 19686
0.006417056 43379896 16367
0.0063789836 43379896 17504
0.00636371 43379896 13402
0.0063509955 43379896 15697
0.006348438 43379896 17418
0.0062955376 43379896 21519
0.006281272 43379896 19473
0.006266502 43379896 18311
0.0062291063 43379896 12266
0.0061883302 43379896 20957
0.0061869714 43379896 20437
0.006124974 43379896 18357
0.0061066453 43379896 21147
0.006080767 43379896 17492
0.0060481196 43379896 19796
0.00603241 43379896 20173
0.0059831347 43379896 21982
0.0059577455 43379896 17128
0.005943938 43379896 21512
0.005934654 43379896 21661
0.00591049 43379896 20086
0.00591049 43379896 20086
0.005890658 43379896 18258
0.00586845 43379896 19850
0.0058658794 43379896 18717
0.005841748 43379896 19851
0.00583399 43379896 21954
0.005828699 43379896 20087
0.005828699 43379896 20087
0.0058270637 43379896 19419
0.0058011445 43379896 21690
0.0057692127 43379896 19308
0.0057496983 43379896 18050
0.0057496983 43379896 18033
0.0057478272 43379896 20312
0.0057340586 43379896 22058
0.0057323216 43379896 16561
0.0057083825 43379896 17698
0.0056830207 43379896 16289
0.0056466674 43379896 18906
0.0056274766 43379896 21839
0.005612254 43379896 18514
0.005566656 43379896 22207
0.005566656 43379896 21866
0.005542708 43379896 14749
0.00552945 43379896 20708
0.00552945 43379896 19606
0.00552945 43379896 19453
0.00552945 43379896 18362
0.00552945 43379896 18269
0.00552945 43379896 18052
0.00552945 43379896 17591
0.00552945 43379896 17498
0.00552945 43379896 17411
0.00552945 43379896 17181
0.00552945 43379896 17065
0.00552945 43379896 16215
0.00552945 43379896 15566
0.0054474003 43379896 20848
0.0054296656 43379896 15511
0.0054140394 43379896 19959
0.0053925957 43379896 19093
0.005370849 43379896 17973
0.0053398535 43379896 18654
0.005270178 43379896 17345
0.0052608578 43379896 20454
0.005219284 43379896 19282
0.005219284 43379896 18099
0.005219284 43379896 17981
0.0052089025 43379896 20919
0.005194146 43379896 17653
0.0050810976 43379896 22392
0.0049897856 43379896 16477
0.004981608 43379896 19761
0.0048749335 43379896 18928
0.004842141 43379896 19072
0.004815134 43379896 21298
0.004722971 43379896 18591
0.004717692 43379896 14126
0.00466479 43379896 22019
0.004653398 43379896 17946
0.004593197 43379896 18674
0.004585642 43379896 17646
0.00457969 43379896 21587
0.004561727 43379896 18180
0.004344718 43379896 17032
0.0043269596 43379896 18211
0.0043269596 43379896 17859
0.0043269596 43379896 15949
0.0042857663 43379896 17954
0.004249919 43379896 17608
0.0042110803 43379896 15871
0.004194172 43379896 16892
0.0041344687 43379896 18622
0.004116839 43379896 18812
0.004072365 43379896 16441
0.0040516607 43379896 17205
0.004021755 43379896 17448
0.0040190364 43379896 17897
0.0040190364 43379896 17792
0.0040190364 43379896 17033
0.0040190364 43379896 17031
0.0040190364 43379896 16943
0.0040190364 43379896 16942
0.0040190364 43379896 16806
0.0040190364 43379896 16792
0.0040190364 43379896 16783
0.004004967 43379896 17554
0.003983975 43379896 17632
0.0039740116 43379896 16355
0.0039676437 43379896 19240
0.003939853 43379896 17204
0.0039288667 43379896 20018
0.0038472158 43379896 20514
0.003812957 43379896 16693
0.0038031065 43379896 18794
0.003725391 43379896 21163
0.003529827 43379896 16378
0.0034436542 43379896 21852
0.0034186041 43379896 22111
0.003416117 43379896 18175
0.0033800239 43379896 21535
0.0033773324 43379896 22078
0.0033767114 43379896 16444
0.0033724066 43379896 18865
0.0033404788 43379896 19390
0.0033230535 43379896 17487
0.0032870814 43379896 19725
0.0032595028 43379896 15722
0.0032078167 43379896 19273
0.0031404304 43379896 17030
0.0031328946 43379896 20449
0.0030653572 43379896 22055
0.0029808145 43379896 13799
0.0029015401 43379896 22185
0.002871743 43379896 13058
0.0028433972 43379896 17005
0.0028307617 43379896 16119
0.0028266695 43379896 21312
0.0028119672 43379896 15827
0.0028070307 43379896 18376
0.0027728968 43379896 19576
0.002752675 43379896 16889
0.0027199683 43379896 18469
0.0026965016 43379896 21183
0.0026788309 43379896 19729
0.0026748849 43379896 19440
0.0026748849 43379896 18347
0.0026641623 43379896 18103
0.0026641623 43379896 18103
0.0026540032 43379896 16915
0.0026521503 43379896 14019
0.002642145 43379896 17016
0.0026143726 43379896 21818
0.002601152 43379896 19158
0.0025893569 43379896 16069
0.0025470946 43379896 21562
0.0025403074 43379896 19233
0.0025355674 43379896 19872
0.0025188054 43379896 19515
0.00251067 43379896 20504
0.00250865 43379896 17279
0.0024963592 43379896 20005
0.0024963592 43379896 19930
0.0024963592 43379896 19359
0.0024963592 43379896 18367
0.0024963592 43379896 18109
0.0024963592 43379896 18041
0.002486253 43379896 19370
0.002486253 43379896 18614
0.002486253 43379896 17920
0.002486253 43379896 16199
0.002467461 43379896 17324
0.0024565505 43379896 16974
0.0024511279 43379896 19511
0.002429643 43379896 22077
0.002429643 43379896 21107
0.002429643 43379896 20880
0.002429643 43379896 19678
0.002429643 43379896 19464
0.002429643 43379896 18671
0.002429643 43379896 18641
0.002429643 43379896 18429
0.002429643 43379896 18424
0.002429643 43379896 18400
0.002429643 43379896 18399
0.002429643 43379896 18397
0.002429643 43379896 18381
0.002429643 43379896 18369
0.002429643 43379896 18096
0.002429643 43379896 17850
0.002429643 43379896 17845
0.002429643 43379896 17280
0.002429643 43379896 17202
0.002429643 43379896 16963
0.002429643 43379896 16768
0.002429643 43379896 16680
0.002429643 43379896 16385
0.002429643 43379896 16384
0.002429643 43379896 16382
0.002429643 43379896 16381
0.0024203225 43379896 21978
0.0024203225 43379896 20994
0.0024203225 43379896 20306
0.0024203225 43379896 19954
0.0024203225 43379896 19839
0.0024203225 43379896 19255
0.0024203225 43379896 19081
0.0024203225 43379896 18666
0.0024203225 43379896 18284
0.0024203225 43379896 18129
0.0024203225 43379896 17980
0.0024203225 43379896 17899
0.0024203225 43379896 17650
0.0024203225 43379896 16217
0.0024203225 43379896 15159
0.002418482 43379896 21244
0.0023972574 43379896 20829
0.0023972574 43379896 20797
0.002364126 43379896 19021
0.002364126 43379896 18251
0.0023463285 43379896 17443
0.0023426928 43379896 20257
0.0023311432 43379896 18019
0.0023244044 43379896 15109
0.0023208002 43379896 18206
0.0023036734 43379896 21177
0.002300042 43379896 20226
0.0022885923 43379896 18629
0.002288073 43379896 19406
0.0022850663 43379896 17389
0.0022850663 43379896 16403
0.0022728152 43379896 19958
0.0022682315 43379896 16883
0.0022368063 43379896 12312
0.0022302521 43379896 19585
0.0022264475 43379896 17481
0.0022227375 43379896 17828
0.0022162504 43379896 21274
0.0022029611 43379896 12313
0.0021998605 43379896 20163
0.0021938225 43379896 20001
0.0021905738 43379896 16640
0.0021532043 43379896 19445
0.002132913 43379896 14181
0.0021272877 43379896 17106
0.0021017801 43379896 18351
0.0020999634 43379896 19818
0.0020955296 43379896 18154
0.0020955296 43379896 16636
0.002090867 43379896 21295
0.0020906597 43379896 17785
0.0020901957 43379896 17080
0.0020750114 43379896 21173
0.0020699734 43379896 15911
0.00206069 43379896 22282
0.0020584553 43379896 10693
0.00203859 43379896 17607
0.0020352178 43379896 16886
0.0020349773 43379896 18701
0.0020299363 43379896 18283
0.0020262946 43379896 17226
0.0020163015 43379896 16931
0.0020105776 43379896 17015
0.002007022 43379896 18615
0.0020000448 43379896 17100
0.001995028 43379896 17395
0.0019832877 43379896 19688
0.0019676522 43379896 17304
0.0019599886 43379896 18904
0.0019440744 43379896 19392
0.0019401439 43379896 17029
0.0019226923 43379896 18371
0.0019224589 43379896 20616
0.0019208288 43379896 18842
0.0019208288 43379896 18841
0.0019117948 43379896 18080
0.0019081726 43379896 20799
0.0018923604 43379896 16316
0.0018717089 43379896 19117
0.001871597 43379896 18159
0.0018595983 43379896 16775
0.0018477206 43379896 17706
0.0018368152 43379896 19547
0.001825122 43379896 18062
0.0018242946 43379896 17581
0.0018080536 43379896 22276
0.0018049583 43379896 19401
0.0017936082 43379896 16145
0.0017927027 43379896 16495
0.0017875722 43379896 13749
0.0017849979 43379896 15340
0.0017776769 43379896 19965
0.0017776769 43379896 19965
0.0017760745 43379896 18178
0.0017674561 43379896 11089
0.001764538 43379896 20869
0.0017398439 43379896 20052
0.0017152835 43379896 18805
0.001714771 43379896 19917
0.001714083 43379896 18646
0.0017131097 43379896 19550
0.0017121735 43379896 16422
0.0017112434 43379896 17028
0.0017069564 43379896 16315
0.0016999536 43379896 19454
0.0016767135 43379896 18670
0.0016732508 43379896 19816
0.0016691592 43379896 20764
0.0016506772 43379896 16503
0.0016498454 43379896 18873
0.0016490418 43379896 21236
0.001631356 43379896 22127
0.0016259066 43379896 21501
0.0016198354 43379896 21607
0.0016158773 43379896 16820
0.0016142112 43379896 21310
0.0016116103 43379896 18416
0.0016073054 43379896 19841
0.0015951621 43379896 20314
0.0015950602 43379896 16383
0.0015781032 43379896 22036
0.0015767248 43379896 19636
0.001571176 43379896 18071
0.001550771 43379896 22027
0.001550771 43379896 22026
0.0015365835 43379896 18368
0.0015347969 43379896 16252
0.0015340565 43379896 20378
0.0015323712 43379896 18496
0.0015229974 43379896 17417
0.0015128811 43379896 19480
0.0015069038 43379896 18364
0.0015057422 43379896 18725
0.0014937698 43379896 16076
0.0014914857 43379896 20890
0.0014768717 43379896 17760
0.0014755493 43379896 19735
0.0014659142 43379896 17486
0.0014581527 43379896 21401
0.0014540857 43379896 18633
0.0014540857 43379896 18632
0.0014520242 43379896 17678
0.0014411481 43379896 19736
0.0014346676 43379896 21697
0.0014337212 43379896 18638
0.001427701 43379896 19671
0.001427418 43379896 17150
0.0014249875 43379896 17642
0.0014156877 43379896 17222
0.0014103276 43379896 16682
0.0014081687 43379896 16502
0.0013984327 43379896 17368
0.0013829885 43379896 19044
0.0013673593 43379896 20316
0.0013574645 43379896 16443
0.0013519092 43379896 17601
0.0013445574 43379896 17331
0.0013422056 43379896 15487
0.0013422056 43379896 15485
0.0013371656 43379896 19923
0.0013326983 43379896 21515
0.0013301701 43379896 22015
0.0013288147 43379896 19481
0.0013214072 43379896 18250
0.0013180285 43379896 17234
0.0013066197 43379896 14432
0.0013034904 43379896 17303
0.0012976007 43379896 17843
0.001292036 43379896 18531
0.0012403409 43379896 19536
0.0012327759 43379896 18709
0.0012224425 43379896 17565
0.0012173377 43379896 21219
0.0012151442 43379896 22038
0.0012104821 43379896 17514
0.001206676 43379896 16461
0.001205637 43379896 21404
0.0012027309 43379896 17571
0.0011714546 43379896 17231
0.0011625715 43379896 18057
0.0011528612 43379896 17429
0.0011476853 43379896 17598
0.0011476853 43379896 17575
0.0011460794 43379896 19890
0.0011232673 43379896 19525
0.001121269 43379896 16603
0.0011172567 43379896 22210
0.0011007637 43379896 15029
0.0010882032 43379896 16531
0.0010868107 43379896 16905
0.0010781939 43379896 18507
0.0010691645 43379896 21497
0.0010652693 43379896 20983
0.0010621258 43379896 17124
0.0010586929 43379896 15499
0.001056818 43379896 18697
0.001055841 43379896 20904
0.0010547572 43379896 22397
0.0010442948 43379896 19799
0.0010275834 43379896 16029
0.0010058462 43379896 17791
0.0009872194 43379896 17219
0.0009843197 43379896 20284
0.0009843197 43379896 20283
0.0009843197 43379896 20282
0.00093409215 43379896 15163
0.0009201254 43379896 17073
0.0009139455 43379896 18353
0.0008797298 43379896 20190
0.0008291358 43379896 17421
0.00082127977 43379896 19700
0.00081028976 43379896 16789
0.00074060925 43379896 20183
0.00065341574 43379896 20530
0.00064246694 43379896 12845
0.0005935287 43379896 18766
0.0005770474 43379896 16813
0.0004893869 43379896 12826
0.0004677504 43379896 21349
0.00042572952 43379896 17154
0.00019257588 43379896 19342
0.0 43379896 22443
0.0 43379896 22440
0.0 43379896 22436
0.0 43379896 22423
0.0 43379896 22423
0.0 43379896 22408
0.0 43379896 22355
0.0 43379896 22333
0.0 43379896 22323
0.0 43379896 22318
0.0 43379896 22310
0.0 43379896 22278
0.0 43379896 22272
0.0 43379896 22253
0.0 43379896 22252
0.0 43379896 22247
0.0 43379896 22211
0.0 43379896 22198
0.0 43379896 22193
0.0 43379896 22183
0.0 43379896 22182
0.0 43379896 22179
0.0 43379896 22138
0.0 43379896 22134
0.0 43379896 22108
0.0 43379896 22090
0.0 43379896 22088
0.0 43379896 22046
0.0 43379896 22022
0.0 43379896 22011
0.0 43379896 22005
0.0 43379896 21988
0.0 43379896 21973
0.0 43379896 21964
0.0 43379896 21962
0.0 43379896 21958
0.0 43379896 21939
0.0 43379896 21938
0.0 43379896 21934
0.0 43379896 21917
0.0 43379896 21913
0.0 43379896 21908
0.0 43379896 21895
0.0 43379896 21885
0.0 43379896 21877
0.0 43379896 21821
0.0 43379896 21819
0.0 43379896 21814
0.0 43379896 21808
0.0 43379896 21796
0.0 43379896 21753
0.0 43379896 21749
0.0 43379896 21741
0.0 43379896 21723
0.0 43379896 21722
0.0 43379896 21686
0.0 43379896 21677
0.0 43379896 21606
0.0 43379896 21517
0.0 43379896 21513
0.0 43379896 21505
0.0 43379896 21440
0.0 43379896 21412
0.0 43379896 21384
0.0 43379896 21381
0.0 43379896 21378
0.0 43379896 21363
0.0 43379896 21327
0.0 43379896 21307
0.0 43379896 21197
0.0 43379896 21190
0.0 43379896 21186
0.0 43379896 21170
0.0 43379896 21168
0.0 43379896 21167
0.0 43379896 21153
0.0 43379896 21151
0.0 43379896 21145
0.0 43379896 21140
0.0 43379896 21131
0.0 43379896 21127
0.0 43379896 21125
0.0 43379896 21118
0.0 43379896 21079
0.0 43379896 21066
0.0 43379896 21058
0.0 43379896 21050
0.0 43379896 21035
0.0 43379896 21010
0.0 43379896 20968
0.0 43379896 20930
0.0 43379896 20922
0.0 43379896 20900
0.0 43379896 20852
0.0 43379896 20833
0.0 43379896 20824
0.0 43379896 20810
0.0 43379896 20806
0.0 43379896 20782
0.0 43379896 20780
0.0 43379896 20751
0.0 43379896 20734
0.0 43379896 20680
0.0 43379896 20669
0.0 43379896 20664
0.0 43379896 20629
0.0 43379896 20624
0.0 43379896 20621
0.0 43379896 20620
0.0 43379896 20619
0.0 43379896 20615
0.0 43379896 20572
0.0 43379896 20547
0.0 43379896 20528
0.0 43379896 20473
0.0 43379896 20460
0.0 43379896 20457
0.0 43379896 20440
0.0 43379896 20425
0.0 43379896 20406
0.0 43379896 20386
0.0 43379896 20383
0.0 43379896 20369
0.0 43379896 20275
0.0 43379896 20253
0.0 43379896 20245
0.0 43379896 20243
0.0 43379896 20235
0.0 43379896 20209
0.0 43379896 20202
0.0 43379896 20201
0.0 43379896 20191
0.0 43379896 20139
0.0 43379896 20132
0.0 43379896 20121
0.0 43379896 20085
0.0 43379896 20034
0.0 43379896 20020
0.0 43379896 20013
0.0 43379896 19967
0.0 43379896 19912
0.0 43379896 19910
0.0 43379896 19905
0.0 43379896 19904
0.0 43379896 19900
0.0 43379896 19883
0.0 43379896 19865
0.0 43379896 19861
0.0 43379896 19843
0.0 43379896 19836
0.0 43379896 19833
0.0 43379896 19817
0.0 43379896 19785
0.0 43379896 19784
0.0 43379896 19760
0.0 43379896 19746
0.0 43379896 19695
0.0 43379896 19674
0.0 43379896 19665
0.0 43379896 19660
0.0 43379896 19652
0.0 43379896 19632
0.0 43379896 19597
0.0 43379896 19583
0.0 43379896 19548
0.0 43379896 19500
0.0 43379896 19472
0.0 43379896 19450
0.0 43379896 19439
0.0 43379896 19429
0.0 43379896 19421
0.0 43379896 19411
0.0 43379896 19404
0.0 43379896 19352
0.0 43379896 19335
0.0 43379896 19332
0.0 43379896 19322
0.0 43379896 19285
0.0 43379896 19284
0.0 43379896 19277
0.0 43379896 19276
0.0 43379896 19275
0.0 43379896 19268
0.0 43379896 19237
0.0 43379896 19236
0.0 43379896 19218
0.0 43379896 19216
0.0 43379896 19213
0.0 43379896 19203
0.0 43379896 19201
0.0 43379896 19179
0.0 43379896 19178
0.0 43379896 19164
0.0 43379896 19136
0.0 43379896 19130
0.0 43379896 19049
0.0 43379896 19030
0.0 43379896 19029
0.0 43379896 19023
0.0 43379896 19022
0.0 43379896 19007
0.0 43379896 18976
0.0 43379896 18975
0.0 43379896 18942
0.0 43379896 18941
0.0 43379896 18913
0.0 43379896 18907
0.0 43379896 18903
0.0 43379896 18881
0.0 43379896 18874
0.0 43379896 18868
0.0 43379896 18860
0.0 43379896 18848
0.0 43379896 18816
0.0 43379896 18803
0.0 43379896 18799
0.0 43379896 18779
0.0 43379896 18777
0.0 43379896 18773
0.0 43379896 18698
0.0 43379896 18679
0.0 43379896 18660
0.0 43379896 18657
0.0 43379896 18634
0.0 43379896 18626
0.0 43379896 18587
0.0 43379896 18554
0.0 43379896 18545
0.0 43379896 18541
0.0 43379896 18533
0.0 43379896 18523
0.0 43379896 18511
0.0 43379896 18503
0.0 43379896 18494
0.0 43379896 18481
0.0 43379896 18480
0.0 43379896 18467
0.0 43379896 18465
0.0 43379896 18462
0.0 43379896 18458
0.0 43379896 18446
0.0 43379896 18444
0.0 43379896 18432
0.0 43379896 18413
0.0 43379896 18401
0.0 43379896 18370
0.0 43379896 18361
0.0 43379896 18331
0.0 43379896 18326
0.0 43379896 18305
0.0 43379896 18263
0.0 43379896 18236
0.0 43379896 18230
0.0 43379896 18215
0.0 43379896 18190
0.0 43379896 18179
0.0 43379896 18151
0.0 43379896 18141
0.0 43379896 18127
0.0 43379896 18034
0.0 43379896 18013
0.0 43379896 18011
0.0 43379896 17988
0.0 43379896 17975
0.0 43379896 17974
0.0 43379896 17931
0.0 43379896 17918
0.0 43379896 17912
0.0 43379896 17893
0.0 43379896 17892
0.0 43379896 17891
0.0 43379896 17890
0.0 43379896 17872
0.0 43379896 17870
0.0 43379896 17833
0.0 43379896 17821
0.0 43379896 17812
0.0 43379896 17783
0.0 43379896 17764
0.0 43379896 17741
0.0 43379896 17714
0.0 43379896 17692
0.0 43379896 17686
0.0 43379896 17589
0.0 43379896 17562
0.0 43379896 17547
0.0 43379896 17546
0.0 43379896 17541
0.0 43379896 17515
0.0 43379896 17479
0.0 43379896 17471
0.0 43379896 17415
0.0 43379896 17413
0.0 43379896 17404
0.0 43379896 17401
0.0 43379896 17399
0.0 43379896 17396
0.0 43379896 17365
0.0 43379896 17357
0.0 43379896 17329
0.0 43379896 17327
0.0 43379896 17322
0.0 43379896 17311
0.0 43379896 17308
0.0 43379896 17305
0.0 43379896 17302
0.0 43379896 17299
0.0 43379896 17297
0.0 43379896 17287
0.0 43379896 17263
0.0 43379896 17250
0.0 43379896 17238
0.0 43379896 17230
0.0 43379896 17225
0.0 43379896 17190
0.0 43379896 17176
0.0 43379896 17175
0.0 43379896 17169
0.0 43379896 17168
0.0 43379896 17158
0.0 43379896 17155
0.0 43379896 17135
0.0 43379896 17123
0.0 43379896 17113
0.0 43379896 17110
0.0 43379896 17074
0.0 43379896 17025
0.0 43379896 17022
0.0 43379896 16969
0.0 43379896 16957
0.0 43379896 16955
0.0 43379896 16951
0.0 43379896 16948
0.0 43379896 16924
0.0 43379896 16922
0.0 43379896 16917
0.0 43379896 16911
0.0 43379896 16904
0.0 43379896 16866
0.0 43379896 16838
0.0 43379896 16836
0.0 43379896 16822
0.0 43379896 16818
0.0 43379896 16804
0.0 43379896 16774
0.0 43379896 16770
0.0 43379896 16747
0.0 43379896 16744
0.0 43379896 16741
0.0 43379896 16716
0.0 43379896 16709
0.0 43379896 16645
0.0 43379896 16593
0.0 43379896 16591
0.0 43379896 16587
0.0 43379896 16586
0.0 43379896 16578
0.0 43379896 16569
0.0 43379896 16567
0.0 43379896 16563
0.0 43379896 16558
0.0 43379896 16532
0.0 43379896 16524
0.0 43379896 16521
0.0 43379896 16508
0.0 43379896 16485
0.0 43379896 16483
0.0 43379896 16473
0.0 43379896 16471
0.0 43379896 16433
0.0 43379896 16418
0.0 43379896 16409
0.0 43379896 16362
0.0 43379896 16344
0.0 43379896 16318
0.0 43379896 16311
0.0 43379896 16275
0.0 43379896 16268
0.0 43379896 16251
0.0 43379896 16240
0.0 43379896 16227
0.0 43379896 16225
0.0 43379896 16216
0.0 43379896 16212
0.0 43379896 16201
0.0 43379896 16175
0.0 43379896 16130
0.0 43379896 16122
0.0 43379896 16078
0.0 43379896 16021
0.0 43379896 16019
0.0 43379896 16016
0.0 43379896 15985
0.0 43379896 15942
0.0 43379896 15935
0.0 43379896 15924
0.0 43379896 15903
0.0 43379896 15892
0.0 43379896 15812
0.0 43379896 15505
0.0 43379896 15437
0.0 43379896 15402
0.0 43379896 15308
0.0 43379896 15279
0.0 43379896 15158
0.0 43379896 15120
0.0 43379896 14971
0.0 43379896 14929
0.0 43379896 14889
0.0 43379896 14819
0.0 43379896 14636
0.0 43379896 14586
0.0 43379896 14584
0.0 43379896 14419
0.0 43379896 14187
0.0 43379896 13982
0.0 43379896 13968
0.0 43379896 13926
0.0 43379896 13756
0.0 43379896 13640
0.0 43379896 13091
0.0 43379896 12321
0.0 43379896 11651
0.0 43379896 11489
0.0 43379896 11473
0.0 43379896 10816
0.0 43379896 10760
0.0 43379896 10751
0.0 43379896 10509
0.0 43379896 10483
0.0 43379896 9384
0.0 43379896 7157

