0.19477941 32185d51 17763
0.18898866 32185d51 21902
0.12838957 32185d51 19671
0.12015927 32185d51 20764
0.11966631 32185d51 20409
0.11617911 32185d51 18630
0.11333867 32185d51 18739
0.11079625 32185d51 17155
0.10970311 32185d51 17222
0.10453738 32185d51 20632
0.09748732 32185d51 19240
0.096946284 32185d51 21976
0.09664273 32185d51 19004
0.09593806 32185d51 19044
0.095820405 32185d51 16889
0.094273 32185d51 19419
0.09343107 32185d51 18918
0.09341295 32185d51 22438
0.09153212 32185d51 15108
0.091272 32185d51 19818
0.0909466 32185d51 17145
0.08977643 32185d51 21603
0.08836125 32185d51 20949
0.0854996 32185d51 19536
0.08490225 32185d51 19400
0.084328845 32185d51 18651
0.082090296 32185d51 21519
0.0816464 32185d51 19299
0.08156022 32185d51 19007
0.08149765 32185d51 22078
0.07989775 32185d51 20181
0.07985751 32185d51 19774
0.07954827 32185d51 15608
0.07951589 32185d51 22368
0.07895695 32185d51 16883
0.078770846 32185d51 17710
0.07764136 32185d51 20786
0.07634938 32185d51 18996
0.07363077 32185d51 11464
0.07358071 32185d51 16391
0.07329014 32185d51 18326
0.0732782 32185d51 18805
0.07261595 32185d51 14308
0.07228543 32185d51 17413
0.071125716 32185d51 17825
0.07111332 32185d51 19856
0.07021539 32185d51 18077
0.069845974 32185d51 22163
0.06930968 32185d51 20175
0.06861446 32185d51 20556
0.06839939 32185d51 16756
0.06812925 32185d51 18462
0.067899406 32185d51 20208
0.06696658 32185d51 18115
0.065725006 32185d51 21512
0.0655816 32185d51 20151
0.06532156 32185d51 22432
0.06501148 32185d51 20190
0.06489808 32185d51 21878
0.06482574 32185d51 18573
0.06482574 32185d51 18555
0.064777635 32185d51 17124
0.064769566 32185d51 21707
0.06463992 32185d51 16355
0.06430144 32185d51 18552
0.064261116 32185d51 17668
0.063735425 32185d51 20298
0.06355557 32185d51 18624
0.06355557 32185d51 18595
0.06355557 32185d51 18593
0.06355557 32185d51 18592
0.06346081 32185d51 20251
0.06281157 32185d51 14582
0.061499458 32185d51 18995
0.061401278 32185d51 17739
0.061292015 32185d51 21579
0.061248288 32185d51 20180
0.061154462 32185d51 20662
0.061000593 32185d51 18591
0.060929015 32185d51 19656
0.060751565 32185d51 18353
0.060597476 32185d51 22022
0.06056547 32185d51 20890
0.060517434 32185d51 16477
0.06007994 32185d51 15910
0.059790503 32185d51 16975
0.059353884 32185d51 21058
0.059286837 32185d51 17073
0.059126996 32185d51 17204
0.05911026 32185d51 21675
0.058811434 32185d51 16976
0.05870729 32185d51 19960
0.058605634 32185d51 14970
0.057913184 32185d51 17677
0.05775099 32185d51 17034
0.057701007 32185d51 22011
0.05729152 32185d51 18773
0.05716563 32185d51 20206
0.05703992 32185d51 19819
0.056738522 32185d51 19875
0.05652825 32185d51 20833
0.056500543 32185d51 17754
0.056441993 32185d51 16944
0.05612927 32185d51 19654
0.056033112 32185d51 21236
0.055771045 32185d51 17730
0.055689916 32185d51 17030
0.055275127 32185d51 18575
0.055213504 32185d51 18368
0.055208057 32185d51 17842
0.054906204 32185d51 16820
0.054905124 32185d51 16502
0.054704193 32185d51 20186
0.054649763 32185d51 18967
0.05435468 32185d51 18410
0.05431734 32185d51 21726
0.05429878 32185d51 21915
0.054254606 32185d51 20387
0.053537395 32185d51 17643
0.053087495 32185d51 20157
0.0530869 32185d51 20553
0.05304508 32185d51 21796
0.05273773 32185d51 16074
0.05243657 32185d51 20519
0.052426502 32185d51 15029
0.05225309 32185d51 17738
0.05215116 32185d51 22061
0.05212075 32185d51 16291
0.05210638 32185d51 16793
0.051534433 32185d51 18496
0.051346835 32185d51 17176
0.0512131 32185d51 16801
0.051053807 32185d51 17718
0.051027324 32185d51 20832
0.051019598 32185d51 17460
0.050914146 32185d51 17707
0.050782703 32185d51 19320
0.050356857 32185d51 16316
0.050250895 32185d51 14713
0.049798846 32185d51 16253
0.04970766 32185d51 17025
0.049585648 32185d51 20195
0.04946211 32185d51 22025
0.04943137 32185d51 21973
0.04924434 32185d51 21971
0.049060874 32185d51 19935
0.048943434 32185d51 22237
0.048590355 32185d51 17110
0.048567608 32185d51 18062
0.048460614 32185d51 15358
0.0481562 32185d51 16767
0.047928214 32185d51 17028
0.04786104 32185d51 16225
0.04745846 32185d51 15722
0.047227636 32185d51 18198
0.047079377 32185d51 19998
0.04703001 32185d51 17368
0.04668118 32185d51 17646
0.046592433 32185d51 16892
0.046581805 32185d51 17230
0.046453625 32185d51 20194
0.046244383 32185d51 22055
0.046186477 32185d51 16122
0.046121046 32185d51 17370
0.046020135 32185d51 17741
0.045920677 32185d51 18647
0.045907907 32185d51 22211
0.045803964 32185d51 21255
0.045729786 32185d51 18178
0.045573022 32185d51 19233
0.04548251 32185d51 17168
0.045468923 32185d51 14929
0.045423146 32185d51 16315
0.04522767 32185d51 21549
0.0446771 32185d51 18737
0.04460297 32185d51 19739
0.04452917 32185d51 20528
0.044510234 32185d51 16383
0.04447874 32185d51 18254
0.04441686 32185d51 21183
0.04439903 32185d51 17898
0.04415531 32185d51 21576
0.04404766 32185d51 22019
0.044009686 32185d51 17729
0.043925524 32185d51 16503
0.043735594 32185d51 19940
0.0435402 32185d51 22032
0.04350634 32185d51 17396
0.04332894 32185d51 16021
0.043229464 32185d51 17022
0.043190382 32185d51 19292
0.043160647 32185d51 21676
0.04314111 32185d51 17676
0.043087803 32185d51 19799
0.042990673 32185d51 21204
0.042990223 32185d51 16962
0.042941026 32185d51 20378
0.04293898 32185d51 15432
0.04293164 32185d51 22036
0.04289793 32185d51 19519
0.042660803 32185d51 18079
0.04260929 32185d51 19058
0.042446375 32185d51 14357
0.042092785 32185d51 18697
0.042037573 32185d51 19746
0.042005718 32185d51 12305
0.041831866 32185d51 14630
0.041488808 32185d51 19863
0.0414474 32185d51 20762
0.041409314 32185d51 17582
0.04131353 32185d51 16682
0.041265905 32185d51 17404
0.04126555 32185d51 18699
0.04124456 32185d51 17581
0.0412092 32185d51 17421
0.04076185 32185d51 17538
0.040679716 32185d51 20123
0.040639296 32185d51 17412
0.040512294 32185d51 19517
0.040388286 32185d51 22291
0.04031075 32185d51 20196
0.040272724 32185d51 20385
0.04025779 32185d51 15879
0.040243253 32185d51 18416
0.040216427 32185d51 17113
0.04019102 32185d51 16002
0.040147077 32185d51 21300
0.039936207 32185d51 21533
0.039519742 32185d51 15848
0.039448716 32185d51 22207
0.039448716 32185d51 21866
0.03944687 32185d51 21981
0.039356045 32185d51 22007
0.039323304 32185d51 17651
0.039185055 32185d51 20708
0.039185055 32185d51 19606
0.039185055 32185d51 19453
0.039185055 32185d51 18362
0.039185055 32185d51 18269
0.039185055 32185d51 18052
0.039185055 32185d51 17591
0.039185055 32185d51 17498
0.039185055 32185d51 17411
0.039185055 32185d51 17181
0.039185055 32185d51 17065
0.039185055 32185d51 16215
0.039185055 32185d51 15566
0.039185036 32185d51 21749
0.039177805 32185d51 13359
0.03908425 32185d51 17171
0.03895285 32185d51 18320
0.03877806 32185d51 17553
0.038544875 32185d51 21189
0.038507972 32185d51 21723
0.038358558 32185d51 16711
0.038285334 32185d51 17489
0.03818741 32185d51 21474
0.038175773 32185d51 17606
0.038021766 32185d51 17032
0.037982892 32185d51 16725
0.037925854 32185d51 16915
0.037919782 32185d51 17642
0.037901234 32185d51 17236
0.037866354 32185d51 18211
0.037866354 32185d51 17859
0.037866354 32185d51 15949
0.037856165 32185d51 15796
0.037607443 32185d51 14699
0.037568606 32185d51 18891
0.03756485 32185d51 20943
0.03753446 32185d51 16469
0.03744846 32185d51 15892
0.037364982 32185d51 18609
0.03726082 32185d51 20543
0.03723917 32185d51 17231
0.037193634 32185d51 19624
0.03698702 32185d51 19282
0.03698702 32185d51 18099
0.03698702 32185d51 17981
0.0369285 32185d51 15999
0.036886275 32185d51 19815
0.03678101 32185d51 19367
0.036769792 32185d51 17205
0.036699425 32185d51 19391
0.036677543 32185d51 19950
0.036665086 32185d51 17175
0.03664504 32185d51 22006
0.036617525 32185d51 13402
0.036546826 32185d51 18127
0.036468018 32185d51 19009
0.036340557 32185d51 17320
0.036318976 32185d51 20284
0.036318976 32185d51 20283
0.036318976 32185d51 20282
0.03628219 32185d51 22390
0.036211446 32185d51 21178
0.03618389 32185d51 21261
0.03611345 32185d51 20429
0.036075804 32185d51 17795
0.03602248 32185d51 18628
0.03602248 32185d51 18627
0.035980612 32185d51 18876
0.03586983 32185d51 18793
0.03570199 32185d51 18717
0.03568407 32185d51 17673
0.035605695 32185d51 19937
0.035529654 32185d51 17248
0.035519935 32185d51 16308
0.03551001 32185d51 19158
0.03532574 32185d51 17249
0.03530271 32185d51 19761
0.035230804 32185d51 18177
0.035174977 32185d51 22276
0.035172906 32185d51 18293
0.03517164 32185d51 17897
0.03517164 32185d51 17792
0.03517164 32185d51 17033
0.03517164 32185d51 17031
0.03517164 32185d51 16943
0.03517164 32185d51 16942
0.03517164 32185d51 16806
0.03517164 32185d51 16792
0.03517164 32185d51 16783
0.035166413 32185d51 18143
0.03511382 32185d51 19386
0.03504851 32185d51 17554
0.03504498 32185d51 15458
0.034918975 32185d51 19917
0.03472128 32185d51 22258
0.034699682 32185d51 20792
0.034622256 32185d51 18057
0.03453388 32185d51 17376
0.034523472 32185d51 12845
0.034465626 32185d51 14026
0.03446045 32185d51 18774
0.03439731 32185d51 17690
0.03439032 32185d51 20489
0.034221932 32185d51 17954
0.034084395 32185d51 19697
0.03396975 32185d51 15214
0.03393111 32185d51 19918
0.03387387 32185d51 22384
0.033845123 32185d51 20516
0.033749044 32185d51 22079
0.03362363 32185d51 19222
0.033367895 32185d51 18153
0.033100154 32185d51 21155
0.033056818 32185d51 16441
0.033040542 32185d51 18922
0.03299117 32185d51 19919
0.03295805 32185d51 19920
0.032891992 32185d51 20801
0.032887176 32185d51 15283
0.03287962 32185d51 12826
0.032807406 32185d51 15308
0.03273596 32185d51 19401
0.032529935 32185d51 17565
0.032506183 32185d51 17029
0.032501787 32185d51 21218
0.032476522 32185d51 20121
0.032442324 32185d51 17765
0.03233078 32185d51 19199
0.032312114 32185d51 21459
0.032263204 32185d51 20893
0.03223179 32185d51 19117
0.03221517 32185d51 14503
0.032195106 32185d51 16515
0.032100067 32185d51 16512
0.032076743 32185d51 19622
0.0320054 32185d51 17571
0.031915322 32185d51 20455
0.031795125 32185d51 21578
0.03170872 32185d51 17016
0.031669077 32185d51 17601
0.031607486 32185d51 21524
0.031436916 32185d51 18275
0.031294063 32185d51 17598
0.031294063 32185d51 17575
0.0312583 32185d51 20919
0.03124655 32185d51 17026
0.031240802 32185d51 13755
0.031190973 32185d51 18576
0.031050734 32185d51 20093
0.031007405 32185d51 22008
0.030982515 32185d51 18159
0.030977208 32185d51 22301
0.030885436 32185d51 22103
0.030865548 32185d51 19234
0.03083832 32185d51 19686
0.030810015 32185d51 19866
0.030619688 32185d51 22185
0.030440127 32185d51 16964
0.030356921 32185d51 17487
0.030353624 32185d51 17782
0.030332714 32185d51 19585
0.03030163 32185d51 19473
0.03028721 32185d51 19445
0.030249197 32185d51 18902
0.030079344 32185d51 20737
0.030036552 32185d51 21933
0.029983083 32185d51 20068
0.029936023 32185d51 17805
0.029916512 32185d51 17630
0.02989402 32185d51 15854
0.029886961 32185d51 22350
0.029853938 32185d51 19548
0.02981797 32185d51 18458
0.029814817 32185d51 17967
0.02974922 32185d51 21298
0.029726451 32185d51 17901
0.029712928 32185d51 20441
0.029696688 32185d51 21274
0.029342651 32185d51 21858
0.029336013 32185d51 21689
0.029328665 32185d51 19483
0.02931107 32185d51 11089
0.029233767 32185d51 18997
0.029225813 32185d51 19236
0.029225813 32185d51 18679
0.029150728 32185d51 11210
0.029140228 32185d51 19433
0.02909418 32185d51 21295
0.02893095 32185d51 20314
0.02891426 32185d51 17678
0.028781991 32185d51 16561
0.028600434 32185d51 17019
0.028598594 32185d51 18236
0.028546335 32185d51 16593
0.028546335 32185d51 15279
0.028546335 32185d51 13982
0.028501224 32185d51 16029
0.028442124 32185d51 16336
0.028367555 32185d51 14844
0.02836749 32185d51 18093
0.028343206 32185d51 16051
0.02821571 32185d51 19499
0.028209994 32185d51 22355
0.028209994 32185d51 21140
0.028209994 32185d51 19237
0.028209994 32185d51 19218
0.028209994 32185d51 19049
0.028209994 32185d51 17891
0.028184278 32185d51 17287
0.028072441 32185d51 19273
0.028010054 32185d51 12871
0.027965575 32185d51 18554
0.027965575 32185d51 17764
0.027965575 32185d51 17263
0.027949203 32185d51 20807
0.027764035 32185d51 20035
0.027753074 32185d51 20979
0.027575968 32185d51 18638
0.02752896 32185d51 17200
0.027514458 32185d51 17294
0.02749122 32185d51 17150
0.027466442 32185d51 21957
0.027455043 32185d51 18318
0.02740175 32185d51 20098
0.02727635 32185d51 19958
0.02711584 32185d51 19390
0.026998557 32185d51 17760
0.02698009 32185d51 16948
0.026863262 32185d51 14388
0.026768364 32185d51 17902
0.026652334 32185d51 16279
0.026639186 32185d51 21945
0.02660045 32185d51 18905
0.026595222 32185d51 18939
0.026449382 32185d51 22434
0.026336282 32185d51 20759
0.026301183 32185d51 21452
0.026301183 32185d51 21451
0.026242351 32185d51 20827
0.026177919 32185d51 21363
0.026177919 32185d51 21327
0.026177919 32185d51 21079
0.026177919 32185d51 20669
0.026177919 32185d51 19900
0.026177919 32185d51 18907
0.026177919 32185d51 17893
0.026177919 32185d51 17123
0.026177919 32185d51 16567
0.026177919 32185d51 16311
0.026177919 32185d51 13091
0.02612451 32185d51 16658
0.026100896 32185d51 22240
0.026086826 32185d51 21188
0.026060846 32185d51 18103
0.026060846 32185d51 18103
0.026000135 32185d51 21706
0.025987633 32185d51 17823
0.025982305 32185d51 21884
0.025982255 32185d51 21988
0.025982255 32185d51 20425
0.025982255 32185d51 18011
0.025982255 32185d51 17562
0.025982255 32185d51 16969
0.025982255 32185d51 16240
0.025982255 32185d51 16212
0.025969759 32185d51 15870
0.025954556 32185d51 20892
0.025914626 32185d51 17843
0.02585895 32185d51 15908
0.025851326 32185d51 22361
0.025833923 32185d51 22039
0.025784785 32185d51 20638
0.025664154 32185d51 18250
0.025625724 32185d51 21517
0.025619945 32185d51 22082
0.025569934 32185d51 20990
0.025465284 32185d51 19762
0.025463056 32185d51 16309
0.025383376 32185d51 20839
0.025368651 32185d51 19249
0.025334999 32185d51 16703
0.025301656 32185d51 16838
0.025301132 32185d51 18673
0.025255982 32185d51 22102
0.025253609 32185d51 19093
0.025209261 32185d51 13054
0.025172792 32185d51 7157
0.025080055 32185d51 16443
0.024971152 32185d51 19314
0.024970135 32185d51 20537
0.024953812 32185d51 20250
0.024901755 32185d51 22268
0.024883348 32185d51 21583
0.024883311 32185d51 17005
0.024817333 32185d51 19300
0.024817333 32185d51 19300
0.024705512 32185d51 12128
0.024680499 32185d51 14647
0.024639355 32185d51 20386
0.024618492 32185d51 18199
0.02459282 32185d51 17429
0.02452978 32185d51 15529
0.0245039 32185d51 16292
0.02449032 32185d51 16917
0.024475992 32185d51 21964
0.024463298 32185d51 18175
0.024450857 32185d51 18451
0.02431842 32185d51 17599
0.024295887 32185d51 17186
0.02424622 32185d51 19181
0.024200074 32185d51 21690
0.024187626 32185d51 18701
0.024162453 32185d51 21311
0.024139903 32185d51 18050
0.024139903 32185d51 18033
0.02405067 32185d51 19781
0.024047785 32185d51 19883
0.023956902 32185d51 19446
0.023920257 32185d51 16833
0.023831526 32185d51 17279
0.023763388 32185d51 21653
0.023717918 32185d51 19736
0.023714768 32185d51 20005
0.023714768 32185d51 19930
0.023714768 32185d51 19359
0.023714768 32185d51 18367
0.023714768 32185d51 18109
0.023714768 32185d51 18041
0.023713384 32185d51 17542
0.023693066 32185d51 14819
0.023678537 32185d51 21515
0.023618761 32185d51 19370
0.023618761 32185d51 18614
0.023618761 32185d51 17920
0.023618761 32185d51 16199
0.023609554 32185d51 20547
0.02360691 32185d51 22193
0.023580458 32185d51 16461
0.023512749 32185d51 18702
0.023494083 32185d51 19694
0.023492537 32185d51 13756
0.023489982 32185d51 19090
0.023439659 32185d51 14356
0.023424078 32185d51 21944
0.02338365 32185d51 18523
0.023336656 32185d51 15881
0.023261674 32185d51 17628
0.023230396 32185d51 21282
0.02320966 32185d51 14019
0.023112793 32185d51 17621
0.02308098 32185d51 22077
0.02308098 32185d51 21107
0.02308098 32185d51 20880
0.02308098 32185d51 19678
0.02308098 32185d51 19464
0.02308098 32185d51 18671
0.02308098 32185d51 18641
0.02308098 32185d51 18429
0.02308098 32185d51 18424
0.02308098 32185d51 18400
0.02308098 32185d51 18399
0.02308098 32185d51 18397
0.02308098 32185d51 18381
0.02308098 32185d51 18369
0.02308098 32185d51 18096
0.02308098 32185d51 17850
0.02308098 32185d51 17845
0.02308098 32185d51 17280
0.02308098 32185d51 17202
0.02308098 32185d51 16963
0.02308098 32185d51 16768
0.02308098 32185d51 16680
0.02308098 32185d51 16385
0.02308098 32185d51 16384
0.02308098 32185d51 16382
0.02308098 32185d51 16381
0.02299862 32185d51 20442
0.02299244 32185d51 21978
0.02299244 32185d51 20994
0.02299244 32185d51 20306
0.02299244 32185d51 19954
0.02299244 32185d51 19839
0.02299244 32185d51 19255
0.02299244 32185d51 19081
0.02299244 32185d51 18666
0.02299244 32185d51 18284
0.02299244 32185d51 18129
0.02299244 32185d51 17980
0.02299244 32185d51 17899
0.02299244 32185d51 17650
0.02299244 32185d51 16217
0.02299244 32185d51 15159
0.022962652 32185d51 17674
0.022909394 32185d51 19048
0.022853969 32185d51 19961
0.02284493 32185d51 21530
0.02278344 32185d51 18852
0.022773325 32185d51 20829
0.022773325 32185d51 20797
0.022755304 32185d51 22066
0.02271885 32185d51 19581
0.022686558 32185d51 21586
0.022603033 32185d51 22081
0.022578297 32185d51 21455
0.022551581 32185d51 14009
0.022505011 32185d51 17015
0.022471352 32185d51 18920
0.022458589 32185d51 19021
0.022458589 32185d51 18251
0.022413103 32185d51 17514
0.022396766 32185d51 19347
0.022356506 32185d51 16033
0.022289513 32185d51 17443
0.022261616 32185d51 21921
0.022244284 32185d51 20585
0.02214526 32185d51 18019
0.022145048 32185d51 20076
0.022122672 32185d51 19511
0.022098282 32185d51 21401
0.02208604 32185d51 11257
0.022081243 32185d51 15109
0.022047006 32185d51 18206
0.022042044 32185d51 18899
0.02196633 32185d51 21509
0.021961745 32185d51 12312
0.021893192 32185d51 17785
0.02184245 32185d51 18094
0.021760743 32185d51 16980
0.021736104 32185d51 19406
0.021708423 32185d51 20586
0.02170754 32185d51 17389
0.02170754 32185d51 16403
0.021663442 32185d51 17478
0.021625895 32185d51 16061
0.02161615 32185d51 17507
0.021607459 32185d51 19045
0.021591157 32185d51 22347
0.02155926 32185d51 10441
0.021550931 32185d51 19501
0.021497916 32185d51 16974
0.02132134 32185d51 14678
0.02127443 32185d51 19602
0.021216748 32185d51 18204
0.021215532 32185d51 17442
0.021121403 32185d51 22074
0.021115433 32185d51 17828
0.021094106 32185d51 18856
0.021079969 32185d51 17345
0.021025471 32185d51 20587
0.020996457 32185d51 20588
0.02097379 32185d51 21440
0.020957962 32185d51 19440
0.020957962 32185d51 18347
0.020914003 32185d51 19600
0.020913891 32185d51 16532
0.02089811 32185d51 20163
0.020875875 32185d51 12959
0.020840747 32185d51 20001
0.020813856 32185d51 19480
0.020810068 32185d51 16526
0.020754773 32185d51 22027
0.020754773 32185d51 22026
0.020750884 32185d51 16764
0.020742757 32185d51 20222
0.020715931 32185d51 18394
0.020684905 32185d51 14432
0.020682383 32185d51 20957
0.020601701 32185d51 16865
0.020530373 32185d51 22182
0.020523611 32185d51 17056
0.020512737 32185d51 20055
0.020492066 32185d51 21725
0.02038922 32185d51 18180
0.02034919 32185d51 19269
0.02032132 32185d51 20405
0.020311933 32185d51 21013
0.02031126 32185d51 17892
0.020286392 32185d51 16741
0.020168249 32185d51 17756
0.02013887 32185d51 13960
0.020132124 32185d51 18080
0.020129 32185d51 17607
0.020097887 32185d51 22440
0.02005265 32185d51 15499
0.020027855 32185d51 17626
0.019927312 32185d51 15827
0.019907251 32185d51 16422
0.01990699 32185d51 18154
0.01990699 32185d51 16636
0.019800184 32185d51 16425
0.019774195 32185d51 16659
0.019745903 32185d51 20629
0.019712074 32185d51 21173
0.019664215 32185d51 15911
0.019653713 32185d51 19515
0.019647287 32185d51 19301
0.019642815 32185d51 17398
0.019630201 32185d51 17791
0.019629292 32185d51 19725
0.019558977 32185d51 18056
0.019449588 32185d51 21007
0.019445596 32185d51 18071
0.019422045 32185d51 19427
0.0194197 32185d51 16886
0.019401371 32185d51 17619
0.019338833 32185d51 18722
0.01933696 32185d51 12313
0.019291911 32185d51 17219
0.019285625 32185d51 21753
0.019283872 32185d51 18283
0.019264722 32185d51 14889
0.019202957 32185d51 20046
0.019195756 32185d51 19392
0.019193597 32185d51 18926
0.019154344 32185d51 16931
0.019152958 32185d51 18499
0.019137103 32185d51 18453
0.01911378 32185d51 21168
0.019096434 32185d51 17154
0.019088782 32185d51 16466
0.019066192 32185d51 18615
0.01904136 32185d51 13762
0.0190184 32185d51 19393
0.01900702 32185d51 22397
0.018996239 32185d51 21497
0.018972067 32185d51 19276
0.018958885 32185d51 16442
0.01895653 32185d51 21177
0.018928133 32185d51 18875
0.018917859 32185d51 17448
0.01884072 32185d51 19688
0.01883832 32185d51 15971
0.018829303 32185d51 20295
0.018820042 32185d51 20156
0.01881464 32185d51 19500
0.018792547 32185d51 13749
0.018781183 32185d51 18373
0.018774865 32185d51 20137
0.018757874 32185d51 20183
0.018724486 32185d51 18241
0.018724486 32185d51 18241
0.01864963 32185d51 11489
0.01864915 32185d51 19454
0.01860718 32185d51 21698
0.018590838 32185d51 21661
0.018527037 32185d51 21818
0.018486386 32185d51 19583
0.018473338 32185d51 20449
0.01846768 32185d51 14856
0.018434236 32185d51 17925
0.01843177 32185d51 18836
0.018389579 32185d51 10378
0.01831935 32185d51 20639
0.018306866 32185d51 17838
0.01830295 32185d51 19525
0.01828725 32185d51 22015
0.018283289 32185d51 15939
0.018271502 32185d51 17997
0.01826016 32185d51 16618
0.018247379 32185d51 18842
0.018247379 32185d51 18841
0.018224342 32185d51 22386
0.018185884 32185d51 16016
0.018142413 32185d51 18924
0.018116336 32185d51 20971
0.018084979 32185d51 19738
0.018002367 32185d51 13468
0.017929398 32185d51 15814
0.017862063 32185d51 20454
0.017860882 32185d51 17936
0.017845728 32185d51 21176
0.017837327 32185d51 16513
0.017826857 32185d51 10377
0.017810902 32185d51 19603
0.017753197 32185d51 19211
0.017713532 32185d51 18048
0.017685484 32185d51 21117
0.017671166 32185d51 17787
0.017665705 32185d51 16775
0.017576804 32185d51 21587
0.017575106 32185d51 17118
0.017567504 32185d51 16119
0.017514959 32185d51 16423
0.017503377 32185d51 16842
0.017482169 32185d51 21197
0.017480468 32185d51 13288
0.017478146 32185d51 16120
0.017407678 32185d51 19516
0.017368484 32185d51 22392
0.017360087 32185d51 22111
0.017292427 32185d51 12110
0.017285295 32185d51 18990
0.017282149 32185d51 18188
0.017240718 32185d51 21535
0.017232219 32185d51 19598
0.017186815 32185d51 19751
0.017175646 32185d51 16497
0.017162643 32185d51 16069
0.017160624 32185d51 22038
0.01715875 32185d51 18465
0.017153481 32185d51 20447
0.017143432 32185d51 20458
0.017125491 32185d51 18865
0.017121801 32185d51 19743
0.017121801 32185d51 19743
0.017069366 32185d51 17190
0.017038815 32185d51 16145
0.01703877 32185d51 22331
0.017030213 32185d51 16495
0.017022887 32185d51 16318
0.016978178 32185d51 20127
0.016973589 32185d51 20440
0.016960235 32185d51 18709
0.016957019 32185d51 15340
0.016946552 32185d51 18524
0.016922543 32185d51 15790
0.016902674 32185d51 17492
0.016887473 32185d51 19965
0.016887473 32185d51 19965
0.016850945 32185d51 19311
0.016845819 32185d51 20010
0.016813485 32185d51 19033
0.01679206 32185d51 12457
0.016756395 32185d51 22254
0.016727928 32185d51 16705
0.016715048 32185d51 21167
0.016701652 32185d51 16420
0.016670795 32185d51 16444
0.016616078 32185d51 19836
0.016571784 32185d51 20637
0.016532635 32185d51 18928
0.016528068 32185d51 20052
0.016517187 32185d51 20932
0.016474243 32185d51 19241
0.016434016 32185d51 20869
0.01640743 32185d51 19841
0.016385388 32185d51 18507
0.016363256 32185d51 20842
0.01635695 32185d51 19929
0.016348327 32185d51 21411
0.016288856 32185d51 20401
0.016283344 32185d51 18646
0.016260825 32185d51 20473
0.016218359 32185d51 18629
0.016184615 32185d51 17080
0.01618008 32185d51 20484
0.016167393 32185d51 18147
0.01616703 32185d51 18674
0.016131088 32185d51 19636
0.01611653 32185d51 19550
0.016103134 32185d51 19407
0.016054442 32185d51 20628
0.01605063 32185d51 18323
0.016026769 32185d51 22214
0.016012447 32185d51 17400
0.015928345 32185d51 18670
0.015831599 32185d51 19635
0.015785793 32185d51 18074
0.015777962 32185d51 17481
0.01574785 32185d51 19038
0.015747461 32185d51 20132
0.015714569 32185d51 18100
0.015713435 32185d51 16634
0.015695095 32185d51 17041
0.015673105 32185d51 18873
0.015638499 32185d51 16344
0.015628053 32185d51 20312
0.015497461 32185d51 22127
0.01549425 32185d51 19665
0.01549425 32185d51 19421
0.015468177 32185d51 18360
0.015445693 32185d51 21501
0.015438269 32185d51 20316
0.01537149 32185d51 20437
0.015339212 32185d51 16972
0.015320918 32185d51 16734
0.015247665 32185d51 17653
0.015245321 32185d51 18376
0.015202825 32185d51 22243
0.015169553 32185d51 19528
0.0151400035 32185d51 21040
0.015122008 32185d51 16983
0.01510361 32185d51 17945
0.015056624 32185d51 21659
0.01504636 32185d51 18892
0.015039232 32185d51 22284
0.015038049 32185d51 17417
0.01499492 32185d51 19890
0.014992034 32185d51 19205
0.014945649 32185d51 20406
0.014894495 32185d51 18351
0.014880516 32185d51 21722
0.014848343 32185d51 16913
0.014843067 32185d51 21843
0.014825683 32185d51 18605
0.01478323 32185d51 15575
0.014734648 32185d51 18861
0.014707892 32185d51 18446
0.014705835 32185d51 19274
0.014684365 32185d51 18213
0.014644983 32185d51 22267
0.014643055 32185d51 19816
0.014607364 32185d51 19901
0.014556477 32185d51 22154
0.014527688 32185d51 19923
0.014494097 32185d51 20830
0.014485582 32185d51 22088
0.014447445 32185d51 21897
0.014378809 32185d51 20799
0.014327636 32185d51 16417
0.014325647 32185d51 20369
0.014242642 32185d51 18142
0.014225035 32185d51 20581
0.014182678 32185d51 19872
0.014174648 32185d51 21798
0.014123296 32185d51 14765
0.014113743 32185d51 16210
0.014097809 32185d51 18006
0.01408652 32185d51 16485
0.014049398 32185d51 18252
0.014017337 32185d51 19735
0.014000079 32185d51 18179
0.013987143 32185d51 13968
0.013958564 32185d51 20109
0.013888652 32185d51 17943
0.013878558 32185d51 19317
0.013799559 32185d51 16624
0.013797197 32185d51 16473
0.013758832 32185d51 17007
0.013752276 32185d51 15163
0.013599582 32185d51 16471
0.013568908 32185d51 19056
0.013567382 32185d51 20383
0.013515402 32185d51 17254
0.013501685 32185d51 14419
0.013463894 32185d51 20160
0.013455497 32185d51 17541
0.013431525 32185d51 16640
0.013412071 32185d51 15764
0.013409918 32185d51 17857
0.013377204 32185d51 17486
0.013371939 32185d51 19957
0.013360455 32185d51 19860
0.013351824 32185d51 21019
0.013286134 32185d51 19470
0.013237685 32185d51 17240
0.01323323 32185d51 21839
0.013166861 32185d51 16050
0.013147928 32185d51 18357
0.013142273 32185d51 20871
0.013129205 32185d51 16209
0.013124369 32185d51 17112
0.013105145 32185d51 20554
0.013047075 32185d51 14900
0.012957117 32185d51 17972
0.012944072 32185d51 19450
0.012911061 32185d51 19681
0.012876775 32185d51 21562
0.012874705 32185d51 18013
0.012865996 32185d51 12330
0.012826161 32185d51 16922
0.012824858 32185d51 21697
0.012772949 32185d51 17331
0.012750607 32185d51 15487
0.012750607 32185d51 15485
0.012718903 32185d51 18258
0.012713714 32185d51 14542
0.012685674 32185d51 15913
0.012649443 32185d51 20204
0.012636853 32185d51 18520
0.012623396 32185d51 19481
0.012593056 32185d51 21272
0.012517378 32185d51 16686
0.012452538 32185d51 16252
0.01242663 32185d51 21219
0.012396615 32185d51 14650
0.012323491 32185d51 19576
0.012295393 32185d51 17692
0.01227695 32185d51 22060
0.012265601 32185d51 10483
0.0122607285 32185d51 18531
0.012214986 32185d51 10376
0.012214711 32185d51 19394
0.012212365 32185d51 16251
0.012196321 32185d51 22075
0.012157244 32185d51 18469
0.01209768 32185d51 20504
0.012083605 32185d51 22150
0.012030327 32185d51 17106
0.01199458 32185d51 15836
0.011992832 32185d51 17973
0.0119431615 32185d51 17946
0.011918824 32185d51 20557
0.01190187 32185d51 19153
0.011873152 32185d51 16367
0.011838807 32185d51 17504
0.011764806 32185d51 21621
0.011743329 32185d51 19647
0.011721245 32185d51 18425
0.011662069 32185d51 17479
0.011609625 32185d51 14181
0.011532968 32185d51 16904
0.011453241 32185d51 21404
0.0114306845 32185d51 20514
0.011429089 32185d51 20235
0.011378189 32185d51 17632
0.011373008 32185d51 21959
0.011360482 32185d51 16751
0.011347793 32185d51 21844
0.01131486 32185d51 13207
0.011302748 32185d51 20488
0.011257729 32185d51 21954
0.011237718 32185d51 17705
0.011236243 32185d51 16925
0.011215289 32185d51 17698
0.011173591 32185d51 20572
0.011164022 32185d51 18069
0.011164022 32185d51 18069
0.011134861 32185d51 19310
0.011098665 32185d51 22411
0.01108123 32185d51 20564
0.01108123 32185d51 20563
0.01108123 32185d51 20562
0.01108123 32185d51 20561
0.010988157 32185d51 20780
0.0109695755 32185d51 19134
0.010966053 32185d51 17324
0.010954728 32185d51 18260
0.0108960625 32185d51 17890
0.010836177 32185d51 17709
0.010791394 32185d51 17935
0.010668199 32185d51 15521
0.010658117 32185d51 21216
0.010474125 32185d51 11944
0.010424641 32185d51 19912
0.010418378 32185d51 21681
0.010417188 32185d51 19785
0.010390775 32185d51 19404
0.010387616 32185d51 16887
0.010269926 32185d51 15871
0.010191538 32185d51 20412
0.010117037 32185d51 18860
0.010078208 32185d51 19505
0.0099812355 32185d51 19981
0.009964047 32185d51 21962
0.009956411 32185d51 17317
0.009936873 32185d51 17082
0.009933326 32185d51 18862
0.009930978 32185d51 17497
0.009892492 32185d51 18858
0.009875257 32185d51 18906
0.009814508 32185d51 20139
0.009764501 32185d51 16905
0.009704054 32185d51 13799
0.009602626 32185d51 18881
0.0095730405 32185d51 19729
0.009490009 32185d51 15505
0.0094771795 32185d51 18081
0.009464625 32185d51 19398
0.009450859 32185d51 22410
0.009426904 32185d51 20806
0.009423899 32185d51 14126
0.009390317 32185d51 18847
0.0093790265 32185d51 17001
0.009368478 32185d51 19136
0.0093527045 32185d51 19201
0.009322081 32185d51 18622
0.009287978 32185d51 17873
0.009285202 32185d51 21244
0.009264935 32185d51 22115
0.009251187 32185d51 19322
0.009249099 32185d51 15803
0.009231613 32185d51 18151
0.009225382 32185d51 22281
0.009219766 32185d51 17623
0.009204401 32185d51 16135
0.009179316 32185d51 20244
0.009169741 32185d51 20824
0.009133974 32185d51 16343
0.009089196 32185d51 21147
0.009085126 32185d51 19850
0.009082573 32185d51 17608
0.009043789 32185d51 19851
0.009040826 32185d51 21412
0.009010199 32185d51 19348
0.00896693 32185d51 19327
0.008964127 32185d51 20848
0.008905621 32185d51 22408
0.008903344 32185d51 16688
0.008893738 32185d51 19275
0.008887009 32185d51 20503
0.0088283485 32185d51 20927
0.0088150725 32185d51 16600
0.008809061 32185d51 17066
0.008785289 32185d51 20224
0.008764649 32185d51 15417
0.008749341 32185d51 21982
0.008699894 32185d51 18366
0.0086978655 32185d51 17215
0.008691954 32185d51 17027
0.008676801 32185d51 16174
0.008664217 32185d51 17884
0.008633089 32185d51 20226
0.008616312 32185d51 18365
0.008599164 32185d51 17919
0.008527261 32185d51 14214
0.00851257 32185d51 21454
0.008493636 32185d51 16518
0.008456796 32185d51 21109
0.008369936 32185d51 15469
0.008355349 32185d51 18812
0.008322301 32185d51 21333
0.008302653 32185d51 20067
0.008299008 32185d51 18086
0.008285328 32185d51 18361
0.0082758 32185d51 21186
0.008265949 32185d51 19648
0.008230565 32185d51 16258
0.008212466 32185d51 21163
0.008179297 32185d51 16393
0.008140904 32185d51 20521
0.008117103 32185d51 18371
0.008013105 32185d51 18370
0.007929677 32185d51 20843
0.0078696795 32185d51 17226
0.007869546 32185d51 18879
0.007845245 32185d51 22334
0.0078074597 32185d51 16991
0.0078019453 32185d51 19700
0.007767731 32185d51 17100
0.0077615734 32185d51 21780
0.007740976 32185d51 19342
0.007704421 32185d51 18766
0.0075595058 32185d51 20033
0.007555414 32185d51 12266
0.007545943 32185d51 16340
0.007545943 32185d51 16339
0.007545943 32185d51 16337
0.007545943 32185d51 16335
0.007540883 32185d51 16875
0.007497743 32185d51 16716
0.00749453 32185d51 19277
0.007465138 32185d51 19959
0.0074455077 32185d51 17303
0.007416396 32185d51 21953
0.0074025206 32185d51 16077
0.007269697 32185d51 19366
0.007230655 32185d51 17769
0.0072169127 32185d51 17988
0.0072038854 32185d51 18136
0.00710717 32185d51 19251
0.007049376 32185d51 16192
0.007048109 32185d51 18725
0.0070298472 32185d51 15656
0.0070235664 32185d51 22310
0.006984862 32185d51 20501
0.006803225 32185d51 20020
0.0067415773 32185d51 19072
0.006721656 32185d51 17459
0.0067186747 32185d51 20013
0.006574941 32185d51 15057
0.0065747686 32185d51 20077
0.0064491592 32185d51 20471
0.00640966 32185d51 22247
0.006384922 32185d51 15402
0.006318753 32185d51 18514
0.0062912665 32185d51 18731
0.0062912665 32185d51 18730
0.0062910817 32185d51 21607
0.006279466 32185d51 20460
0.006256831 32185d51 16531
0.006186962 32185d51 20530
0.0061369603 32185d51 20107
0.006132497 32185d51 21683
0.005971618 32185d51 13058
0.0059432155 32185d51 16378
0.0059376853 32185d51 18904
0.0058778804 32185d51 17238
0.005832635 32185d51 11651
0.0058120964 32185d51 19990
0.0057607926 32185d51 21550
0.0057477066 32185d51 19874
0.0056962837 32185d51 16216
0.005631683 32185d51 13926
0.005601926 32185d51 18747
0.0055824574 32185d51 19472
0.005580362 32185d51 15828
0.0055555413 32185d51 17592
0.0055425446 32185d51 21658
0.0054818015 32185d51 16813
0.005389442 32185d51 19308
0.0053622033 32185d51 15938
0.00531953 32185d51 16924
0.005295445 32185d51 20967
0.005291285 32185d51 16789
0.0052250503 32185d51 12850
0.005170958 32185d51 17136
0.004969012 32185d51 22252
0.004934172 32185d51 17984
0.0048129247 32185d51 14584
0.004777391 32185d51 17304
0.004695447 32185d51 22253
0.0045361454 32185d51 12507
0.0045262687 32185d51 21223
0.004518008 32185d51 20245
0.0044206125 32185d51 18654
0.004401612 32185d51 18779
0.004382653 32185d51 19905
0.004297397 32185d51 20929
0.0042782095 32185d51 21934
0.0042324904 32185d51 21145
0.004226945 32185d51 20191
0.004073688 32185d51 18832
0.004036723 32185d51 18633
0.004036723 32185d51 18632
0.003914199 32185d51 18684
0.0037985975 32185d51 18247
0.0037889124 32185d51 21765
0.0036765463 32185d51 14471
0.003573859 32185d51 22005
0.0035602965 32185d51 18808
0.0035088947 32185d51 20615
0.003492286 32185d51 19441
0.0034768863 32185d51 22282
0.0034612718 32185d51 20616
0.0034208582 32185d51 19731
0.0033947178 32185d51 20174
0.0033277078 32185d51 19178
0.0032716028 32185d51 19352
0.0032601643 32185d51 19361
0.0032383022 32185d51 13143
0.0032056984 32185d51 21958
0.0031786023 32185d51 21885
0.0031215542 32185d51 20731
0.0031172591 32185d51 18364
0.003107411 32185d51 21821
0.0030934433 32185d51 16568
0.0030799322 32185d51 16289
0.0030354667 32185d51 16822
0.0029860204 32185d51 17726
0.0029781251 32185d51 17622
0.0029128562 32185d51 19284
0.0028609352 32185d51 19285
0.0028536154 32185d51 17415
0.0027981694 32185d51 19760
0.0027826882 32185d51 19179
0.0027600063 32185d51 20736
0.002736597 32185d51 18398
0.0027228382 32185d51 18380
0.0026144653 32185d51 10541
0.0026134632 32185d51 16375
0.0026087377 32185d51 20209
0.0025971804 32185d51 20086
0.0025971804 32185d51 20086
0.002579656 32185d51 20028
0.0025612402 32185d51 20087
0.0025612402 32185d51 20087
0.002560652 32185d51 15886
0.0025441477 32185d51 19844
0.0025432392 32185d51 19779
0.00253256 32185d51 19904
0.0025310188 32185d51 22288
0.002520354 32185d51 16076
0.002461579 32185d51 17074
0.0024089753 32185d51 19926
0.0024076088 32185d51 18413
0.0023695524 32185d51 16603
0.002351447 32185d51 17547
0.00234662 32185d51 17917
0.002336423 32185d51 19910
0.002331685 32185d51 22294
0.0023114532 32185d51 22278
0.0022997332 32185d51 19203
0.002271459 32185d51 16508
0.002260765 32185d51 21852
0.0022352638 32185d51 17133
0.0022267154 32185d51 15697
0.0022133582 32185d51 18541
0.0021988268 32185d51 18848
0.0021899324 32185d51 22198
0.0021850062 32185d51 20173
0.0021814476 32185d51 18512
0.0021766587 32185d51 20734
0.0021626847 32185d51 14749
0.002160961 32185d51 22183
0.0021304367 32185d51 19820
0.0021235028 32185d51 16648
0.0021215742 32185d51 21284
0.0021015026 32185d51 19652
0.0021015026 32185d51 17812
0.0020994595 32185d51 16524
0.002079586 32185d51 16481
0.0020780887 32185d51 15120
0.0020619337 32185d51 18975
0.0020611123 32185d51 18976
0.0020574967 32185d51 17461
0.0020563593 32185d51 17395
0.0020274702 32185d51 18913
0.0020248243 32185d51 20018
0.001997677 32185d51 18587
0.0019926894 32185d51 19166
0.0019747422 32185d51 17295
0.0019626324 32185d51 17821
0.0019354214 32185d51 17308
0.0019349258 32185d51 18263
0.0019214803 32185d51 21035
0.001910452 32185d51 20651
0.0018950837 32185d51 21050
0.001886463 32185d51 18195
0.0018610534 32185d51 15934
0.0018557134 32185d51 21312
0.0018525431 32185d51 20983
0.0018306805 32185d51 18470
0.0017808389 32185d51 18626
0.0017463845 32185d51 17746
0.001730576 32185d51 17234
0.0017257379 32185d51 17788
0.0017057562 32185d51 20654
0.0016266429 32185d51 17318
0.0016262044 32185d51 22058
0.0016258769 32185d51 20930
0.0016248638 32185d51 19861
0.0016214561 32185d51 17401
0.0015808602 32185d51 17868
0.0015643591 32185d51 18417
0.0015474173 32185d51 15520
0.0015342799 32185d51 21989
0.0014815992 32185d51 20784
0.0014759446 32185d51 21181
0.0014720482 32185d51 19859
0.0014566736 32185d51 17471
0.001451842 32185d51 19983
0.0014330467 32185d51 17546
0.0014270244 32185d51 18868
0.0014178111 32185d51 16951
0.0014157144 32185d51 17310
0.0013978236 32185d51 8835
0.0013932155 32185d51 18539
0.0013924374 32185d51 18494
0.001391218 32185d51 17848
0.0013686542 32185d51 16228
0.001357568 32185d51 21551
0.0013525819 32185d51 16587
0.001343486 32185d51 18395
0.0013432782 32185d51 18581
0.0013119034 32185d51 18803
0.0013111165 32185d51 16068
0.0012667474 32185d51 15511
0.0012627044 32185d51 17211
0.0012627044 32185d51 17183
0.00125249 32185d51 18791
0.0012508064 32185d51 17165
0.0012259685 32185d51 19784
0.0012259549 32185d51 19130
0.0012016176 32185d51 20243
0.0011945227 32185d51 18202
0.0011925696 32185d51 19651
0.0011629655 32185d51 16860
0.0011623931 32185d51 18230
0.0011515545 32185d51 22443
0.0011274015 32185d51 17986
0.0011206849 32185d51 16900
0.0010668938 32185d51 20146
0.0010632905 32185d51 13640
0.0010004478 32185d51 16396
0.0009902747 32185d51 15518
0.000981752 32185d51 18282
0.0009799374 32185d51 16137
0.00097413035 32185d51 19287
0.00097067864 32185d51 16645
0.0009666619 32185d51 16714
0.0009478232 32185d51 21118
0.000946102 32185d51 18311
0.0009403782 32185d51 19660
0.00093970733 32185d51 22423
0.00093970733 32185d51 22423
0.00092662836 32185d51 17808
0.00092624716 32185d51 22318
0.00090337044 32185d51 22134
0.0008990912 32185d51 14971
0.00089676527 32185d51 16521
0.00087673013 32185d51 20257
0.0008741601 32185d51 18874
0.0008683531 32185d51 16911
0.00086605974 32185d51 17418
0.00085849315 32185d51 19868
0.00085077115 32185d51 18510
0.0008265115 32185d51 20470
0.0008116575 32185d51 22293
0.0007913472 32185d51 22210
0.0007619949 32185d51 19892
0.0007611555 32185d51 21808
0.0007465143 32185d51 20558
0.0007346162 32185d51 18794
0.00070132926 32185d51 16608
0.00069674256 32185d51 20770
0.0006885448 32185d51 14340
0.0006818768 32185d51 20790
0.00066658587 32185d51 21713
0.00064698694 32185d51 17865
0.0006291571 32185d51 16722
0.00061510276 32185d51 12321
0.00059729227 32185d51 17439
0.00059662363 32185d51 18789
0.00057323556 32185d51 16821
0.00056467403 32185d51 20968
0.00055277493 32185d51 20254
0.00055277493 32185d51 20252
0.0005250096 32185d51 20085
0.0005175308 32185d51 17434
0.00051666173 32185d51 20782
0.0005158458 32185d51 17783
0.0005152077 32185d51 19756
0.00045017299 32185d51 18758
0.00041819338 32185d51 18480
0.00041400798 32185d51 20148
0.0004017712 32185d51 20904
0.00036482693 32185d51 19176
0.00034542265 32185d51 19278
0.000332266 32185d51 18401
0.00029364755 32185d51 10396
0.00028568742 32185d51 19547
0.00024890594 32185d51 19030
0.00024479436 32185d51 16563
0.0 32185d51 22436
0.0 32185d51 22333
0.0 32185d51 22323
0.0 32185d51 22272
0.0 32185d51 22179
0.0 32185d51 22138
0.0 32185d51 22108
0.0 32185d51 22094
0.0 32185d51 22090
0.0 32185d51 22046
0.0 32185d51 21939
0.0 32185d51 21938
0.0 32185d51 21917
0.0 32185d51 21913
0.0 32185d51 21908
0.0 32185d51 21895
0.0 32185d51 21877
0.0 32185d51 21842
0.0 32185d51 21819
0.0 32185d51 21814
0.0 32185d51 21764
0.0 32185d51 21741
0.0 32185d51 21686
0.0 32185d51 21677
0.0 32185d51 21641
0.0 32185d51 21606
0.0 32185d51 21539
0.0 32185d51 21513
0.0 32185d51 21505
0.0 32185d51 21384
0.0 32185d51 21381
0.0 32185d51 21379
0.0 32185d51 21378
0.0 32185d51 21349
0.0 32185d51 21310
0.0 32185d51 21307
0.0 32185d51 21190
0.0 32185d51 21170
0.0 32185d51 21153
0.0 32185d51 21151
0.0 32185d51 21131
0.0 32185d51 21127
0.0 32185d51 21125
0.0 32185d51 21066
0.0 32185d51 21010
0.0 32185d51 21006
0.0 32185d51 20922
0.0 32185d51 20900
0.0 32185d51 20852
0.0 32185d51 20810
0.0 32185d51 20751
0.0 32185d51 20680
0.0 32185d51 20664
0.0 32185d51 20624
0.0 32185d51 20621
0.0 32185d51 20620
0.0 32185d51 20619
0.0 32185d51 20536
0.0 32185d51 20457
0.0 32185d51 20275
0.0 32185d51 20273
0.0 32185d51 20253
0.0 32185d51 20213
0.0 32185d51 20202
0.0 32185d51 20201
0.0 32185d51 20147
0.0 32185d51 20034
0.0 32185d51 19967
0.0 32185d51 19865
0.0 32185d51 19843
0.0 32185d51 19833
0.0 32185d51 19817
0.0 32185d51 19811
0.0 32185d51 19796
0.0 32185d51 19695
0.0 32185d51 19675
0.0 32185d51 19674
0.0 32185d51 19668
0.0 32185d51 19632
0.0 32185d51 19597
0.0 32185d51 19439
0.0 32185d51 19429
0.0 32185d51 19411
0.0 32185d51 19335
0.0 32185d51 19332
0.0 32185d51 19268
0.0 32185d51 19216
0.0 32185d51 19213
0.0 32185d51 19182
0.0 32185d51 19164
0.0 32185d51 19029
0.0 32185d51 19023
0.0 32185d51 19022
0.0 32185d51 18942
0.0 32185d51 18941
0.0 32185d51 18929
0.0 32185d51 18903
0.0 32185d51 18816
0.0 32185d51 18799
0.0 32185d51 18777
0.0 32185d51 18719
0.0 32185d51 18698
0.0 32185d51 18660
0.0 32185d51 18657
0.0 32185d51 18634
0.0 32185d51 18545
0.0 32185d51 18533
0.0 32185d51 18511
0.0 32185d51 18503
0.0 32185d51 18502
0.0 32185d51 18483
0.0 32185d51 18481
0.0 32185d51 18467
0.0 32185d51 18444
0.0 32185d51 18432
0.0 32185d51 18337
0.0 32185d51 18331
0.0 32185d51 18305
0.0 32185d51 18296
0.0 32185d51 18215
0.0 32185d51 18190
0.0 32185d51 18161
0.0 32185d51 18141
0.0 32185d51 18034
0.0 32185d51 17975
0.0 32185d51 17974
0.0 32185d51 17931
0.0 32185d51 17918
0.0 32185d51 17912
0.0 32185d51 17872
0.0 32185d51 17870
0.0 32185d51 17862
0.0 32185d51 17833
0.0 32185d51 17714
0.0 32185d51 17706
0.0 32185d51 17686
0.0 32185d51 17595
0.0 32185d51 17589
0.0 32185d51 17515
0.0 32185d51 17491
0.0 32185d51 17425
0.0 32185d51 17399
0.0 32185d51 17365
0.0 32185d51 17357
0.0 32185d51 17329
0.0 32185d51 17327
0.0 32185d51 17322
0.0 32185d51 17311
0.0 32185d51 17305
0.0 32185d51 17302
0.0 32185d51 17299
0.0 32185d51 17297
0.0 32185d51 17293
0.0 32185d51 17250
0.0 32185d51 17225
0.0 32185d51 17209
0.0 32185d51 17169
0.0 32185d51 17164
0.0 32185d51 17158
0.0 32185d51 17135
0.0 32185d51 17128
0.0 32185d51 16957
0.0 32185d51 16955
0.0 32185d51 16866
0.0 32185d51 16836
0.0 32185d51 16818
0.0 32185d51 16804
0.0 32185d51 16774
0.0 32185d51 16770
0.0 32185d51 16747
0.0 32185d51 16744
0.0 32185d51 16709
0.0 32185d51 16693
0.0 32185d51 16592
0.0 32185d51 16591
0.0 32185d51 16586
0.0 32185d51 16578
0.0 32185d51 16569
0.0 32185d51 16558
0.0 32185d51 16557
0.0 32185d51 16483
0.0 32185d51 16433
0.0 32185d51 16418
0.0 32185d51 16409
0.0 32185d51 16395
0.0 32185d51 16362
0.0 32185d51 16275
0.0 32185d51 16268
0.0 32185d51 16227
0.0 32185d51 16208
0.0 32185d51 16201
0.0 32185d51 16175
0.0 32185d51 16130
0.0 32185d51 16078
0.0 32185d51 16019
0.0 32185d51 15985
0.0 32185d51 15942
0.0 32185d51 15935
0.0 32185d51 15924
0.0 32185d51 15903
0.0 32185d51 15874
0.0 32185d51 15812
0.0 32185d51 15461
0.0 32185d51 15437
0.0 32185d51 15158
0.0 32185d51 14636
0.0 32185d51 14586
0.0 32185d51 14187
0.0 32185d51 11473
0.0 32185d51 10816
0.0 32185d51 10760
0.0 32185d51 10751
0.0 32185d51 10693
0.0 32185d51 10509
0.0 32185d51 9384

0.2402755 31cd9cd8 10509
0.23858808 31cd9cd8 22138
0.23858808 31cd9cd8 21913
0.20689562 31cd9cd8 19136
0.18627849 31cd9cd8 19836
0.1744378 31cd9cd8 19045
0.15055282 31cd9cd8 20132
0.14927162 31cd9cd8 16279
0.14303835 31cd9cd8 18799
0.13517907 31cd9cd8 19153
0.13272148 31cd9cd8 20990
0.12920533 31cd9cd8 22294
0.12082411 31cd9cd8 21706
0.11914604 31cd9cd8 19367
0.11662823 31cd9cd8 17136
0.11592067 31cd9cd8 18875
0.11432337 31cd9cd8 19632
0.11421515 31cd9cd8 15938
0.11341265 31cd9cd8 19647
0.10870543 31cd9cd8 17595
0.10854566 31cd9cd8 17898
0.107836656 31cd9cd8 16821
0.10602772 31cd9cd8 18995
0.10538407 31cd9cd8 19635
0.10504902 31cd9cd8 20957
0.10474628 31cd9cd8 14678
0.10421813 31cd9cd8 18996
0.10343538 31cd9cd8 19576
0.10302921 31cd9cd8 18533
0.102630414 31cd9cd8 18296
0.10242765 31cd9cd8 21007
0.099265695 31cd9cd8 20824
0.09915229 31cd9cd8 16972
0.09913401 31cd9cd8 17865
0.09636657 31cd9cd8 21725
0.09499404 31cd9cd8 17967
0.09469667 31cd9cd8 20927
0.09420186 31cd9cd8 19004
0.09390206 31cd9cd8 17607
0.09179819 31cd9cd8 20790
0.090803295 31cd9cd8 15892
0.090212464 31cd9cd8 19519
0.09012697 31cd9cd8 11473
0.08984637 31cd9cd8 16367
0.08967977 31cd9cd8 15120
0.089459434 31cd9cd8 19651
0.088024236 31cd9cd8 17862
0.08744567 31cd9cd8 20121
0.087129645 31cd9cd8 20098
0.08648638 31cd9cd8 18709
0.08647934 31cd9cd8 22282
0.086361274 31cd9cd8 16789
0.08528675 31cd9cd8 16425
0.085028134 31cd9cd8 19275
0.08474009 31cd9cd8 20799
0.08405382 31cd9cd8 17322
0.08387509 31cd9cd8 21934
0.08258554 31cd9cd8 20786
0.082549445 31cd9cd8 14647
0.0822433 31cd9cd8 19404
0.08151457 31cd9cd8 20553
0.08118443 31cd9cd8 11651
0.07943503 31cd9cd8 18805
0.07919414 31cd9cd8 19158
0.078126915 31cd9cd8 22183
0.07803042 31cd9cd8 21878
0.07691795 31cd9cd8 18380
0.07682595 31cd9cd8 19473
0.07679397 31cd9cd8 16077
0.076728985 31cd9cd8 18701
0.07652158 31cd9cd8 18628
0.07652158 31cd9cd8 18627
0.075596154 31cd9cd8 16904
0.075266995 31cd9cd8 20628
0.075200364 31cd9cd8 20180
0.07497878 31cd9cd8 22011
0.07440843 31cd9cd8 20637
0.07404433 31cd9cd8 18398
0.07385662 31cd9cd8 19517
0.07318457 31cd9cd8 22368
0.07306438 31cd9cd8 21884
0.07283272 31cd9cd8 18462
0.072676346 31cd9cd8 19863
0.07234389 31cd9cd8 15608
0.07217157 31cd9cd8 17756
0.071652204 31cd9cd8 16756
0.07155827 31cd9cd8 20638
0.070766985 31cd9cd8 20943
0.0703682 31cd9cd8 21255
0.06883072 31cd9cd8 19300
0.06883072 31cd9cd8 19300
0.06849558 31cd9cd8 19998
0.068451434 31cd9cd8 21723
0.06838777 31cd9cd8 13640
0.06727129 31cd9cd8 19774
0.0670519 31cd9cd8 15879
0.066526875 31cd9cd8 17954
0.06624319 31cd9cd8 19585
0.06613105 31cd9cd8 17155
0.065188855 31cd9cd8 17606
0.06411451 31cd9cd8 16887
0.0638323 31cd9cd8 18177
0.06355493 31cd9cd8 17943
0.06353481 31cd9cd8 19166
0.0635325 31cd9cd8 17370
0.0633833 31cd9cd8 17007
0.06273934 31cd9cd8 20547
0.0626625 31cd9cd8 19516
0.062422015 31cd9cd8 21576
0.062338274 31cd9cd8 21944
0.062114213 31cd9cd8 21474
0.061971664 31cd9cd8 20839
0.061873943 31cd9cd8 21858
0.06141448 31cd9cd8 19799
0.06132696 31cd9cd8 17022
0.061319016 31cd9cd8 18651
0.060811583 31cd9cd8 18622
0.060748573 31cd9cd8 18876
0.06064825 31cd9cd8 20151
0.060388736 31cd9cd8 18928
0.06011132 31cd9cd8 16915
0.05991682 31cd9cd8 17873
0.059702847 31cd9cd8 19481
0.059338138 31cd9cd8 18967
0.05922209 31cd9cd8 12845
0.058981407 31cd9cd8 21524
0.05823431 31cd9cd8 20929
0.05817796 31cd9cd8 18365
0.058086257 31cd9cd8 20028
0.05803073 31cd9cd8 21163
0.057345286 31cd9cd8 17231
0.057277933 31cd9cd8 17821
0.05664012 31cd9cd8 12850
0.056399953 31cd9cd8 22281
0.056351677 31cd9cd8 17788
0.05591378 31cd9cd8 14650
0.0556374 31cd9cd8 18469
0.05561421 31cd9cd8 21218
0.05527924 31cd9cd8 19929
0.054864194 31cd9cd8 15796
0.05478666 31cd9cd8 18646
0.054617904 31cd9cd8 16443
0.054422654 31cd9cd8 21842
0.05436605 31cd9cd8 20454
0.05398319 31cd9cd8 17782
0.053867236 31cd9cd8 19918
0.05381931 31cd9cd8 19912
0.053672094 31cd9cd8 19960
0.053655025 31cd9cd8 20175
0.05350868 31cd9cd8 17320
0.05340568 31cd9cd8 18136
0.05330184 31cd9cd8 18929
0.053240493 31cd9cd8 17805
0.052443713 31cd9cd8 15469
0.052322455 31cd9cd8 19920
0.05226632 31cd9cd8 20489
0.05208669 31cd9cd8 14308
0.052075364 31cd9cd8 16875
0.051878188 31cd9cd8 18657
0.051799804 31cd9cd8 20409
0.0517516 31cd9cd8 21533
0.051365525 31cd9cd8 17668
0.051292006 31cd9cd8 21976
0.051220518 31cd9cd8 13288
0.05108435 31cd9cd8 18739
0.050647903 31cd9cd8 20429
0.050625853 31cd9cd8 20932
0.050580613 31cd9cd8 19919
0.050563954 31cd9cd8 21282
0.050141394 31cd9cd8 17646
0.05000116 31cd9cd8 21798
0.04870081 31cd9cd8 20186
0.04868895 31cd9cd8 14187
0.048680916 31cd9cd8 19007
0.04814338 31cd9cd8 17186
0.047890328 31cd9cd8 21404
0.047822736 31cd9cd8 22036
0.047753513 31cd9cd8 20833
0.0475877 31cd9cd8 18905
0.047461994 31cd9cd8 20501
0.047405005 31cd9cd8 19299
0.046505354 31cd9cd8 19505
0.046313003 31cd9cd8 20827
0.04611761 31cd9cd8 16634
0.045966923 31cd9cd8 18702
0.04593368 31cd9cd8 21181
0.045875546 31cd9cd8 21013
0.045875154 31cd9cd8 20460
0.045438983 31cd9cd8 18323
0.045373574 31cd9cd8 17460
0.04524079 31cd9cd8 21698
0.045200117 31cd9cd8 21401
0.04506611 31cd9cd8 20484
0.0448637 31cd9cd8 19935
0.04420463 31cd9cd8 18881
0.044022717 31cd9cd8 19033
0.043854564 31cd9cd8 22103
0.043784637 31cd9cd8 16976
0.043616064 31cd9cd8 20832
0.04349675 31cd9cd8 17331
0.0434346 31cd9cd8 17507
0.042928174 31cd9cd8 16309
0.04287272 31cd9cd8 21549
0.042847484 31cd9cd8 17421
0.042688914 31cd9cd8 18077
0.042593114 31cd9cd8 22163
0.042584848 31cd9cd8 20514
0.042525023 31cd9cd8 21583
0.042504687 31cd9cd8 22078
0.042413592 31cd9cd8 19480
0.04225515 31cd9cd8 17643
0.042225808 31cd9cd8 17710
0.04210713 31cd9cd8 16378
0.0420717 31cd9cd8 20378
0.04204838 31cd9cd8 21753
0.04171989 31cd9cd8 22384
0.04171084 31cd9cd8 16711
0.04166303 31cd9cd8 17303
0.041560806 31cd9cd8 20792
0.04154192 31cd9cd8 21509
0.04129437 31cd9cd8 12305
0.041261613 31cd9cd8 20316
0.04095397 31cd9cd8 20556
0.04093198 31cd9cd8 20971
0.040669985 31cd9cd8 18247
0.040620275 31cd9cd8 16228
0.040618412 31cd9cd8 20892
0.04014144 31cd9cd8 20181
0.04014142 31cd9cd8 17025
0.040094215 31cd9cd8 20226
0.039887793 31cd9cd8 19624
0.039769508 31cd9cd8 14844
0.03956502 31cd9cd8 17842
0.03953128 31cd9cd8 21689
0.039484847 31cd9cd8 20470
0.0393211 31cd9cd8 17542
0.039042436 31cd9cd8 20488
0.038704213 31cd9cd8 20516
0.03868483 31cd9cd8 21223
0.038659062 31cd9cd8 21707
0.038632028 31cd9cd8 19622
0.038547117 31cd9cd8 18673
0.03845656 31cd9cd8 21117
0.038451895 31cd9cd8 21839
0.038445298 31cd9cd8 22411
0.038024157 31cd9cd8 16512
0.037826903 31cd9cd8 17838
0.03772699 31cd9cd8 19274
0.03756294 31cd9cd8 19860
0.03745289 31cd9cd8 19483
0.037396796 31cd9cd8 20893
0.03710332 31cd9cd8 20195
0.03691179 31cd9cd8 17692
0.03685523 31cd9cd8 18647
0.036825687 31cd9cd8 18353
0.036555182 31cd9cd8 17765
0.036548965 31cd9cd8 19427
0.03654539 31cd9cd8 18674
0.036525138 31cd9cd8 20068
0.03647061 31cd9cd8 18081
0.03639198 31cd9cd8 16002
0.03627806 31cd9cd8 18573
0.03627806 31cd9cd8 18555
0.036184378 31cd9cd8 20173
0.036121167 31cd9cd8 13968
0.0360651 31cd9cd8 19598
0.036051586 31cd9cd8 16210
0.03602956 31cd9cd8 19731
0.035984647 31cd9cd8 18552
0.035976604 31cd9cd8 17124
0.035604674 31cd9cd8 19581
0.03558044 31cd9cd8 22240
0.03556724 31cd9cd8 18624
0.03556724 31cd9cd8 18595
0.03556724 31cd9cd8 18593
0.03556724 31cd9cd8 18592
0.035553485 31cd9cd8 18832
0.03555036 31cd9cd8 20196
0.035465047 31cd9cd8 15283
0.03545907 31cd9cd8 16801
0.0354266 31cd9cd8 21058
0.035217777 31cd9cd8 17133
0.03521479 31cd9cd8 17642
0.034874354 31cd9cd8 17988
0.034683652 31cd9cd8 20174
0.03454398 31cd9cd8 16518
0.034536816 31cd9cd8 17598
0.034536816 31cd9cd8 17575
0.03436165 31cd9cd8 17739
0.03435714 31cd9cd8 20298
0.034348 31cd9cd8 21796
0.03429868 31cd9cd8 17676
0.034200054 31cd9cd8 21459
0.03414397 31cd9cd8 18791
0.034143336 31cd9cd8 22284
0.034060847 31cd9cd8 22055
0.034054086 31cd9cd8 20983
0.034020923 31cd9cd8 21915
0.033962484 31cd9cd8 19058
0.03392459 31cd9cd8 16600
0.033853207 31cd9cd8 22253
0.033838872 31cd9cd8 16033
0.033838257 31cd9cd8 22390
0.033794086 31cd9cd8 21659
0.0336895 31cd9cd8 16892
0.03367605 31cd9cd8 17763
0.033602342 31cd9cd8 17653
0.033571724 31cd9cd8 22276
0.033313528 31cd9cd8 16119
0.033119097 31cd9cd8 18699
0.032953683 31cd9cd8 17738
0.03282526 31cd9cd8 17718
0.032396667 31cd9cd8 16900
0.032380126 31cd9cd8 14009
0.032248005 31cd9cd8 16074
0.032109275 31cd9cd8 17707
0.03208641 31cd9cd8 17582
0.03178328 31cd9cd8 16688
0.03177025 31cd9cd8 20251
0.031666525 31cd9cd8 17066
0.03161908 31cd9cd8 17754
0.03157707 31cd9cd8 18747
0.03156507 31cd9cd8 19233
0.031457115 31cd9cd8 20585
0.031425394 31cd9cd8 18470
0.031356838 31cd9cd8 21661
0.03129786 31cd9cd8 20519
0.031171404 31cd9cd8 18425
0.030933306 31cd9cd8 18575
0.03091758 31cd9cd8 16624
0.030910095 31cd9cd8 20085
0.030776737 31cd9cd8 16775
0.030736603 31cd9cd8 17673
0.03069932 31cd9cd8 20586
0.030647429 31cd9cd8 17176
0.03041803 31cd9cd8 21512
0.030281836 31cd9cd8 21945
0.030126508 31cd9cd8 13359
0.030018581 31cd9cd8 19285
0.029993132 31cd9cd8 22258
0.029979754 31cd9cd8 19779
0.029923204 31cd9cd8 20632
0.029918615 31cd9cd8 22198
0.02989562 31cd9cd8 20848
0.029895116 31cd9cd8 20157
0.029889856 31cd9cd8 16975
0.029750355 31cd9cd8 20401
0.029745262 31cd9cd8 20405
0.029743992 31cd9cd8 16911
0.029733516 31cd9cd8 20587
0.029726535 31cd9cd8 17901
0.029692482 31cd9cd8 20588
0.029655773 31cd9cd8 21455
0.029653437 31cd9cd8 20123
0.029503828 31cd9cd8 19072
0.029451955 31cd9cd8 17730
0.029434001 31cd9cd8 19472
0.02940822 31cd9cd8 20035
0.02937635 31cd9cd8 18006
0.029333584 31cd9cd8 21381
0.029331356 31cd9cd8 16944
0.029312683 31cd9cd8 18997
0.029300835 31cd9cd8 16076
0.029278051 31cd9cd8 18056
0.029202344 31cd9cd8 17112
0.029141765 31cd9cd8 18773
0.02908228 31cd9cd8 17249
0.029065121 31cd9cd8 12457
0.029002167 31cd9cd8 17110
0.02876572 31cd9cd8 18523
0.028746475 31cd9cd8 20086
0.028746475 31cd9cd8 20086
0.028706547 31cd9cd8 22301
0.028706266 31cd9cd8 17997
0.028648196 31cd9cd8 18337
0.028517183 31cd9cd8 21300
0.028386222 31cd9cd8 16289
0.028348675 31cd9cd8 20087
0.028348675 31cd9cd8 20087
0.028296405 31cd9cd8 19681
0.028230151 31cd9cd8 17690
0.028198915 31cd9cd8 16051
0.028137404 31cd9cd8 15854
0.028106425 31cd9cd8 19866
0.028077042 31cd9cd8 12871
0.028069802 31cd9cd8 17884
0.028055955 31cd9cd8 19843
0.028050702 31cd9cd8 21515
0.028027907 31cd9cd8 17843
0.02800899 31cd9cd8 19048
0.027978111 31cd9cd8 22058
0.027951747 31cd9cd8 17459
0.027948482 31cd9cd8 17925
0.027932044 31cd9cd8 17651
0.027731702 31cd9cd8 17729
0.027603496 31cd9cd8 21958
0.027598735 31cd9cd8 18069
0.027598735 31cd9cd8 18069
0.027497098 31cd9cd8 18305
0.027468076 31cd9cd8 17741
0.02736862 31cd9cd8 19743
0.02736862 31cd9cd8 19743
0.027319 31cd9cd8 22150
0.027147183 31cd9cd8 17168
0.027000394 31cd9cd8 21897
0.02686566 31cd9cd8 19240
0.026829692 31cd9cd8 16316
0.026726611 31cd9cd8 19301
0.026586164 31cd9cd8 19697
0.026531268 31cd9cd8 20046
0.026503759 31cd9cd8 22350
0.026310585 31cd9cd8 17919
0.026291225 31cd9cd8 15934
0.026200386 31cd9cd8 16838
0.026153687 31cd9cd8 13799
0.026138416 31cd9cd8 18629
0.026118588 31cd9cd8 18458
0.026112648 31cd9cd8 18591
0.026061647 31cd9cd8 19844
0.026028324 31cd9cd8 20160
0.02600991 31cd9cd8 22392
0.025959466 31cd9cd8 20194
0.025876395 31cd9cd8 18062
0.025783319 31cd9cd8 22432
0.025730688 31cd9cd8 19499
0.025684375 31cd9cd8 17902
0.02568314 31cd9cd8 21216
0.025661653 31cd9cd8 16767
0.025642097 31cd9cd8 16292
0.025595248 31cd9cd8 18100
0.025554836 31cd9cd8 19386
0.025388662 31cd9cd8 17145
0.025319185 31cd9cd8 18178
0.025249626 31cd9cd8 16442
0.025205728 31cd9cd8 20458
0.025097668 31cd9cd8 20530
0.024992015 31cd9cd8 20762
0.024938952 31cd9cd8 14214
0.02488369 31cd9cd8 19317
0.024866076 31cd9cd8 19671
0.024810338 31cd9cd8 17234
0.02480814 31cd9cd8 20890
0.02470957 31cd9cd8 20206
0.024700789 31cd9cd8 18373
0.024531918 31cd9cd8 16648
0.024500761 31cd9cd8 21155
0.024426071 31cd9cd8 18413
0.024400026 31cd9cd8 17415
0.02437578 31cd9cd8 19961
0.024350233 31cd9cd8 18416
0.02428796 31cd9cd8 18159
0.02425641 31cd9cd8 17412
0.02423047 31cd9cd8 17621
0.024201054 31cd9cd8 16315
0.024165763 31cd9cd8 18794
0.024107398 31cd9cd8 18195
0.024093172 31cd9cd8 19314
0.024004014 31cd9cd8 17113
0.023909241 31cd9cd8 19739
0.023843862 31cd9cd8 20654
0.023765843 31cd9cd8 19656
0.023598427 31cd9cd8 16175
0.02358555 31cd9cd8 15881
0.023520803 31cd9cd8 18654
0.023511812 31cd9cd8 17034
0.023434043 31cd9cd8 17785
0.023403134 31cd9cd8 16503
0.023343833 31cd9cd8 18241
0.023343833 31cd9cd8 18241
0.023338635 31cd9cd8 17581
0.023276038 31cd9cd8 19550
0.023257658 31cd9cd8 22254
0.023246203 31cd9cd8 15108
0.0231743 31cd9cd8 17028
0.023160057 31cd9cd8 15971
0.023138646 31cd9cd8 15999
0.023106592 31cd9cd8 17565
0.023019068 31cd9cd8 21852
0.022823375 31cd9cd8 17623
0.022795323 31cd9cd8 19815
0.022780307 31cd9cd8 22293
0.02276548 31cd9cd8 17082
0.022752801 31cd9cd8 20250
0.022734003 31cd9cd8 17571
0.022696728 31cd9cd8 16515
0.022688119 31cd9cd8 16137
0.02267116 31cd9cd8 19811
0.022652555 31cd9cd8 17630
0.02250383 31cd9cd8 21497
0.02250092 31cd9cd8 11257
0.02243382 31cd9cd8 17434
0.022409074 31cd9cd8 20442
0.02240096 31cd9cd8 16659
0.022336416 31cd9cd8 17413
0.022133514 31cd9cd8 10693
0.022030924 31cd9cd8 18879
0.022027817 31cd9cd8 22434
0.021974476 31cd9cd8 8835
0.021948427 31cd9cd8 21505
0.02188432 31cd9cd8 17175
0.021833433 31cd9cd8 16714
0.021799479 31cd9cd8 18507
0.02169926 31cd9cd8 15529
0.02169009 31cd9cd8 18451
0.021613816 31cd9cd8 22022
0.0215701 31cd9cd8 22361
0.02156462 31cd9cd8 21780
0.021557672 31cd9cd8 17678
0.021510543 31cd9cd8 17541
0.021422971 31cd9cd8 18626
0.021307893 31cd9cd8 21452
0.021307893 31cd9cd8 21451
0.021287039 31cd9cd8 13143
0.021224163 31cd9cd8 18924
0.021218047 31cd9cd8 22268
0.02120264 31cd9cd8 21147
0.021163274 31cd9cd8 19528
0.021153446 31cd9cd8 18198
0.021118846 31cd9cd8 17674
0.021094225 31cd9cd8 21902
0.021089919 31cd9cd8 16686
0.020975599 31cd9cd8 16466
0.020974336 31cd9cd8 21921
0.020920899 31cd9cd8 18254
0.020839488 31cd9cd8 20245
0.020815238 31cd9cd8 19407
0.020793065 31cd9cd8 14356
0.020779673 31cd9cd8 20734
0.020717945 31cd9cd8 17514
0.020707114 31cd9cd8 20581
0.020670947 31cd9cd8 19926
0.02058353 31cd9cd8 20312
0.020568438 31cd9cd8 18774
0.020513685 31cd9cd8 21272
0.02046974 31cd9cd8 19251
0.020444168 31cd9cd8 18143
0.02040572 31cd9cd8 16291
0.0204007 31cd9cd8 20204
0.020364879 31cd9cd8 18861
0.020354712 31cd9cd8 20412
0.020353483 31cd9cd8 18057
0.020345975 31cd9cd8 19093
0.020300202 31cd9cd8 20295
0.020284403 31cd9cd8 11210
0.020255964 31cd9cd8 21954
0.020210996 31cd9cd8 21587
0.020020537 31cd9cd8 21843
0.019970693 31cd9cd8 21764
0.019957889 31cd9cd8 22075
0.019955268 31cd9cd8 16725
0.01985753 31cd9cd8 21454
0.019790046 31cd9cd8 19923
0.019787477 31cd9cd8 20077
0.019770123 31cd9cd8 21713
0.019709677 31cd9cd8 18906
0.019709136 31cd9cd8 16964
0.019652925 31cd9cd8 22074
0.019640367 31cd9cd8 16336
0.019633116 31cd9cd8 18147
0.019585604 31cd9cd8 19176
0.019582948 31cd9cd8 16886
0.019493807 31cd9cd8 19875
0.01942017 31cd9cd8 19883
0.019354753 31cd9cd8 16764
0.019288484 31cd9cd8 22006
0.019235907 31cd9cd8 18074
0.019222118 31cd9cd8 15939
0.019189041 31cd9cd8 19500
0.01918115 31cd9cd8 19249
0.019162215 31cd9cd8 20209
0.019146927 31cd9cd8 18891
0.019108023 31cd9cd8 14388
0.019082628 31cd9cd8 17248
0.019076288 31cd9cd8 20191
0.019031215 31cd9cd8 18511
0.019014467 31cd9cd8 18852
0.01897826 31cd9cd8 20387
0.01895907 31cd9cd8 20440
0.018955078 31cd9cd8 17592
0.018903276 31cd9cd8 14503
0.018813606 31cd9cd8 18605
0.018804828 31cd9cd8 16842
0.018771533 31cd9cd8 20801
0.018757276 31cd9cd8 15505
0.018709484 31cd9cd8 17628
0.018692799 31cd9cd8 21765
0.01863754 31cd9cd8 21578
0.018617572 31cd9cd8 22032
0.018611837 31cd9cd8 18115
0.018599348 31cd9cd8 22243
0.01858424 31cd9cd8 17808
0.018545017 31cd9cd8 17318
0.018521244 31cd9cd8 18250
0.01849541 31cd9cd8 15836
0.018485114 31cd9cd8 19983
0.018421711 31cd9cd8 21603
0.018414488 31cd9cd8 14699
0.018399818 31cd9cd8 16925
0.018315379 31cd9cd8 15575
0.018255897 31cd9cd8 19090
0.018225905 31cd9cd8 20052
0.018199703 31cd9cd8 12959
0.018135384 31cd9cd8 19311
0.018099865 31cd9cd8 18395
0.01802988 31cd9cd8 22237
0.018011041 31cd9cd8 17601
0.017993042 31cd9cd8 18545
0.017988201 31cd9cd8 15214
0.017981559 31cd9cd8 17677
0.01795486 31cd9cd8 20010
0.01793303 31cd9cd8 21145
0.017881446 31cd9cd8 17073
0.017849255 31cd9cd8 19511
0.017848033 31cd9cd8 17553
0.01783203 31cd9cd8 16355
0.017813144 31cd9cd8 19940
0.017754953 31cd9cd8 19470
0.017750971 31cd9cd8 18922
0.01773478 31cd9cd8 20441
0.017704187 31cd9cd8 21274
0.01769517 31cd9cd8 22211
0.017683174 31cd9cd8 21261
0.017676514 31cd9cd8 21411
0.017662987 31cd9cd8 20076
0.017658176 31cd9cd8 16722
0.017626679 31cd9cd8 14630
0.01757061 31cd9cd8 20055
0.017520374 31cd9cd8 20156
0.017492004 31cd9cd8 21989
0.017464476 31cd9cd8 20737
0.017447593 31cd9cd8 20731
0.017402075 31cd9cd8 20979
0.017396124 31cd9cd8 19445
0.017356526 31cd9cd8 20067
0.01730505 31cd9cd8 17041
0.017188225 31cd9cd8 21959
0.017169414 31cd9cd8 17706
0.017112229 31cd9cd8 21295
0.017042581 31cd9cd8 20033
0.016993366 31cd9cd8 19937
0.016946902 31cd9cd8 20842
0.01689079 31cd9cd8 22066
0.016844528 31cd9cd8 17027
0.016843038 31cd9cd8 22154
0.0167995 31cd9cd8 20558
0.016725522 31cd9cd8 19901
0.016648803 31cd9cd8 17538
0.016633932 31cd9cd8 18417
0.016613463 31cd9cd8 14900
0.016561389 31cd9cd8 21204
0.016553193 31cd9cd8 14749
0.016544377 31cd9cd8 17857
0.016484173 31cd9cd8 20455
0.01647637 31cd9cd8 17489
0.016471054 31cd9cd8 18975
0.01646449 31cd9cd8 18976
0.016450074 31cd9cd8 17825
0.016332606 31cd9cd8 18282
0.016324496 31cd9cd8 16253
0.016322622 31cd9cd8 22334
0.016289512 31cd9cd8 16980
0.01623019 31cd9cd8 19222
0.016205223 31cd9cd8 18793
0.016199408 31cd9cd8 16417
0.016182331 31cd9cd8 12826
0.016173944 31cd9cd8 18868
0.016160483 31cd9cd8 20639
0.016095044 31cd9cd8 18731
0.016095044 31cd9cd8 18730
0.015993036 31cd9cd8 20127
0.01597353 31cd9cd8 17418
0.01586244 31cd9cd8 19981
0.01583182 31cd9cd8 17236
0.015827717 31cd9cd8 22193
0.015772298 31cd9cd8 19199
0.015754666 31cd9cd8 10396
0.01567944 31cd9cd8 20770
0.015678711 31cd9cd8 19781
0.015641527 31cd9cd8 14971
0.01563776 31cd9cd8 16225
0.015624773 31cd9cd8 22214
0.01553842 31cd9cd8 21311
0.015524924 31cd9cd8 17215
0.01552026 31cd9cd8 21284
0.0154572595 31cd9cd8 19735
0.0154514555 31cd9cd8 19400
0.015435524 31cd9cd8 17984
0.015419515 31cd9cd8 22039
0.015397567 31cd9cd8 18697
0.015354604 31cd9cd8 18275
0.015327219 31cd9cd8 15521
0.01531346 31cd9cd8 14856
0.015287805 31cd9cd8 20830
0.015227144 31cd9cd8 15722
0.015211172 31cd9cd8 16508
0.015104778 31cd9cd8 17395
0.015074763 31cd9cd8 21550
0.015073172 31cd9cd8 18360
0.015018889 31cd9cd8 15910
0.014969956 31cd9cd8 18093
0.014959576 31cd9cd8 19178
0.014934017 31cd9cd8 18410
0.014858679 31cd9cd8 19762
0.014849851 31cd9cd8 18180
0.014829999 31cd9cd8 18376
0.014798243 31cd9cd8 19515
0.01474182 31cd9cd8 17074
0.014715867 31cd9cd8 12312
0.014679819 31cd9cd8 18320
0.014656547 31cd9cd8 20807
0.01464183 31cd9cd8 17150
0.014633933 31cd9cd8 19292
0.014556814 31cd9cd8 18717
0.0145438295 31cd9cd8 20146
0.014527112 31cd9cd8 20662
0.014508884 31cd9cd8 22440
0.014490378 31cd9cd8 17209
0.01447883 31cd9cd8 14542
0.014450176 31cd9cd8 22008
0.014441432 31cd9cd8 20919
0.014388285 31cd9cd8 22007
0.014365716 31cd9cd8 17056
0.014345207 31cd9cd8 18199
0.014342727 31cd9cd8 21953
0.01427318 31cd9cd8 21189
0.014260512 31cd9cd8 17154
0.014247619 31cd9cd8 13207
0.014215758 31cd9cd8 18326
0.014188755 31cd9cd8 19433
0.014170912 31cd9cd8 18920
0.014168641 31cd9cd8 18609
0.014161129 31cd9cd8 18939
0.0140730245 31cd9cd8 21551
0.014059352 31cd9cd8 16524
0.014027923 31cd9cd8 18722
0.014003888 31cd9cd8 16865
0.013948172 31cd9cd8 16061
0.01394142 31cd9cd8 18684
0.013932823 31cd9cd8 17019
0.013932674 31cd9cd8 17118
0.013913553 31cd9cd8 10441
0.013878374 31cd9cd8 21726
0.013868364 31cd9cd8 22438
0.013826453 31cd9cd8 21933
0.013800564 31cd9cd8 22079
0.013792962 31cd9cd8 15458
0.013791392 31cd9cd8 18293
0.013789665 31cd9cd8 20869
0.013702602 31cd9cd8 17599
0.013674349 31cd9cd8 21298
0.013632398 31cd9cd8 18357
0.013502729 31cd9cd8 10541
0.0134407235 31cd9cd8 18202
0.013437282 31cd9cd8 18576
0.01343477 31cd9cd8 17892
0.013413329 31cd9cd8 20736
0.013293685 31cd9cd8 13402
0.013208178 31cd9cd8 18858
0.013183132 31cd9cd8 17705
0.013180053 31cd9cd8 19056
0.013158731 31cd9cd8 20871
0.013138848 31cd9cd8 20244
0.013088014 31cd9cd8 17608
0.01306614 31cd9cd8 12128
0.0130404495 31cd9cd8 22288
0.012963366 31cd9cd8 19600
0.0128741395 31cd9cd8 19320
0.012815211 31cd9cd8 21168
0.012773475 31cd9cd8 17026
0.012756562 31cd9cd8 17497
0.012742847 31cd9cd8 20782
0.012729522 31cd9cd8 21539
0.012723024 31cd9cd8 16258
0.012713154 31cd9cd8 14471
0.012688368 31cd9cd8 20201
0.012678205 31cd9cd8 13468
0.012659118 31cd9cd8 22082
0.012621477 31cd9cd8 16521
0.012579057 31cd9cd8 19760
0.012570581 31cd9cd8 17622
0.012557824 31cd9cd8 17787
0.0125555415 31cd9cd8 11464
0.012518015 31cd9cd8 19874
0.012491286 31cd9cd8 20543
0.0124834925 31cd9cd8 14713
0.01247928 31cd9cd8 22102
0.012465584 31cd9cd8 20764
0.0124571035 31cd9cd8 13058
0.0124454945 31cd9cd8 19205
0.012375718 31cd9cd8 20554
0.012344852 31cd9cd8 17294
0.0123295905 31cd9cd8 19654
0.012321896 31cd9cd8 19009
0.012276222 31cd9cd8 17791
0.012263522 31cd9cd8 19856
0.012219341 31cd9cd8 16120
0.012196732 31cd9cd8 16747
0.012189662 31cd9cd8 15697
0.0121692335 31cd9cd8 16395
0.012161237 31cd9cd8 18902
0.0120791495 31cd9cd8 22015
0.0120730195 31cd9cd8 20137
0.012023803 31cd9cd8 19751
0.0120121855 31cd9cd8 21586
0.011980698 31cd9cd8 16793
0.011973057 31cd9cd8 17478
0.011932037 31cd9cd8 17345
0.011906766 31cd9cd8 16308
0.011902803 31cd9cd8 14026
0.011857287 31cd9cd8 19850
0.011821685 31cd9cd8 14357
0.011803335 31cd9cd8 19851
0.011801226 31cd9cd8 21519
0.011795324 31cd9cd8 19859
0.011758041 31cd9cd8 20222
0.011755982 31cd9cd8 19890
0.011735541 31cd9cd8 15870
0.011719332 31cd9cd8 17171
0.011644966 31cd9cd8 16716
0.011575922 31cd9cd8 18499
0.011574596 31cd9cd8 17972
0.011544395 31cd9cd8 21188
0.011503691 31cd9cd8 12330
0.011480369 31cd9cd8 16471
0.011479096 31cd9cd8 16485
0.011456836 31cd9cd8 17632
0.0114450045 31cd9cd8 16422
0.011435739 31cd9cd8 19348
0.01138502 31cd9cd8 19904
0.011382775 31cd9cd8 21681
0.011349819 31cd9cd8 19044
0.011347162 31cd9cd8 19959
0.011341212 31cd9cd8 22397
0.011309827 31cd9cd8 16393
0.01129881 31cd9cd8 22081
0.011243326 31cd9cd8 16473
0.011225268 31cd9cd8 17547
0.01115719 31cd9cd8 15908
0.011156745 31cd9cd8 19327
0.011153547 31cd9cd8 19910
0.011142532 31cd9cd8 15518
0.011056172 31cd9cd8 15499
0.01103461 31cd9cd8 22038
0.010978398 31cd9cd8 19203
0.010975624 31cd9cd8 16917
0.010925722 31cd9cd8 18161
0.010898292 31cd9cd8 18318
0.010869106 31cd9cd8 20557
0.010826471 31cd9cd8 18258
0.010815509 31cd9cd8 15656
0.010761803 31cd9cd8 20449
0.010743065 31cd9cd8 21118
0.010728503 31cd9cd8 15520
0.010661498 31cd9cd8 20536
0.010661498 31cd9cd8 20273
0.010576269 31cd9cd8 16532
0.010566064 31cd9cd8 18541
0.010524705 31cd9cd8 17935
0.010498512 31cd9cd8 22318
0.010490441 31cd9cd8 21690
0.010478844 31cd9cd8 17917
0.0103715 31cd9cd8 21379
0.0103588635 31cd9cd8 18865
0.010302512 31cd9cd8 18862
0.010299278 31cd9cd8 12313
0.010259018 31cd9cd8 15057
0.010195175 31cd9cd8 19211
0.010165826 31cd9cd8 16252
0.010130658 31cd9cd8 18758
0.010106852 31cd9cd8 16703
0.010104509 31cd9cd8 16751
0.010064458 31cd9cd8 16734
0.010058239 31cd9cd8 21178
0.010043627 31cd9cd8 18856
0.01003298 31cd9cd8 20208
0.010031204 31cd9cd8 18204
0.009991459 31cd9cd8 21197
0.009990367 31cd9cd8 21219
0.009964031 31cd9cd8 18446
0.009946601 31cd9cd8 17279
0.009936774 31cd9cd8 16208
0.009933401 31cd9cd8 15358
0.00989787 31cd9cd8 20005
0.00989787 31cd9cd8 19930
0.00989787 31cd9cd8 19359
0.00989787 31cd9cd8 18367
0.00989787 31cd9cd8 18109
0.00989787 31cd9cd8 18041
0.009893009 31cd9cd8 19602
0.009857799 31cd9cd8 19370
0.009857799 31cd9cd8 18614
0.009857799 31cd9cd8 17920
0.009857799 31cd9cd8 16199
0.009826053 31cd9cd8 19648
0.009819282 31cd9cd8 20447
0.009806954 31cd9cd8 17240
0.009785723 31cd9cd8 15874
0.009706852 31cd9cd8 15848
0.00966748 31cd9cd8 20406
0.009648094 31cd9cd8 21675
0.009633345 31cd9cd8 22077
0.009633345 31cd9cd8 21107
0.009633345 31cd9cd8 20880
0.009633345 31cd9cd8 19678
0.009633345 31cd9cd8 19464
0.009633345 31cd9cd8 18671
0.009633345 31cd9cd8 18641
0.009633345 31cd9cd8 18429
0.009633345 31cd9cd8 18424
0.009633345 31cd9cd8 18400
0.009633345 31cd9cd8 18399
0.009633345 31cd9cd8 18397
0.009633345 31cd9cd8 18381
0.009633345 31cd9cd8 18369
0.009633345 31cd9cd8 18096
0.009633345 31cd9cd8 17850
0.009633345 31cd9cd8 17845
0.009633345 31cd9cd8 17280
0.009633345 31cd9cd8 17202
0.009633345 31cd9cd8 16963
0.009633345 31cd9cd8 16768
0.009633345 31cd9cd8 16680
0.009633345 31cd9cd8 16385
0.009633345 31cd9cd8 16384
0.009633345 31cd9cd8 16382
0.009633345 31cd9cd8 16381
0.009607559 31cd9cd8 21819
0.009605382 31cd9cd8 22386
0.00959639 31cd9cd8 21978
0.00959639 31cd9cd8 20994
0.00959639 31cd9cd8 20306
0.00959639 31cd9cd8 19954
0.00959639 31cd9cd8 19839
0.00959639 31cd9cd8 19255
0.00959639 31cd9cd8 19081
0.00959639 31cd9cd8 18666
0.00959639 31cd9cd8 18284
0.00959639 31cd9cd8 18129
0.00959639 31cd9cd8 17980
0.00959639 31cd9cd8 17899
0.00959639 31cd9cd8 17650
0.00959639 31cd9cd8 16217
0.00959639 31cd9cd8 15159
0.009557564 31cd9cd8 19440
0.009557564 31cd9cd8 18347
0.009549898 31cd9cd8 19182
0.009526069 31cd9cd8 18213
0.0095049385 31cd9cd8 20829
0.0095049385 31cd9cd8 20797
0.009501918 31cd9cd8 18079
0.009487221 31cd9cd8 19310
0.009481147 31cd9cd8 16705
0.009376313 31cd9cd8 21517
0.009373576 31cd9cd8 19021
0.009373576 31cd9cd8 18251
0.009373023 31cd9cd8 16420
0.009361664 31cd9cd8 16469
0.009318491 31cd9cd8 18524
0.009303009 31cd9cd8 17443
0.009294149 31cd9cd8 18836
0.009247764 31cd9cd8 22019
0.009242801 31cd9cd8 18019
0.009221349 31cd9cd8 21010
0.009216082 31cd9cd8 15109
0.009201791 31cd9cd8 18206
0.009100961 31cd9cd8 21562
0.009072031 31cd9cd8 19406
0.00906011 31cd9cd8 17389
0.00906011 31cd9cd8 16403
0.00903085 31cd9cd8 21749
0.00891636 31cd9cd8 22094
0.008879526 31cd9cd8 17823
0.008877741 31cd9cd8 16513
0.008856391 31cd9cd8 19950
0.008813541 31cd9cd8 21621
0.008812981 31cd9cd8 17828
0.008782571 31cd9cd8 15511
0.008753303 31cd9cd8 19536
0.008749971 31cd9cd8 19419
0.0087222755 31cd9cd8 20163
0.00869838 31cd9cd8 18263
0.008698335 31cd9cd8 20001
0.008693305 31cd9cd8 16526
0.008681657 31cd9cd8 19675
0.008674512 31cd9cd8 17029
0.008641711 31cd9cd8 16913
0.008627286 31cd9cd8 21808
0.008598405 31cd9cd8 20564
0.008598405 31cd9cd8 20563
0.008598405 31cd9cd8 20562
0.008598405 31cd9cd8 20561
0.0085926615 31cd9cd8 21190
0.008574611 31cd9cd8 18086
0.008556244 31cd9cd8 17504
0.008548419 31cd9cd8 16497
0.008542741 31cd9cd8 16340
0.008542741 31cd9cd8 16339
0.008542741 31cd9cd8 16337
0.008542741 31cd9cd8 16335
0.008542654 31cd9cd8 17769
0.008516197 31cd9cd8 16344
0.008515104 31cd9cd8 16561
0.008500265 31cd9cd8 17487
0.0084631285 31cd9cd8 18142
0.00841558 31cd9cd8 18520
0.008401865 31cd9cd8 21177
0.0083902655 31cd9cd8 22410
0.00834997 31cd9cd8 20759
0.008342177 31cd9cd8 12266
0.008332956 31cd9cd8 19446
0.008329248 31cd9cd8 18080
0.008308611 31cd9cd8 18154
0.008308611 31cd9cd8 16636
0.008291826 31cd9cd8 18483
0.008256898 31cd9cd8 16618
0.008245511 31cd9cd8 20930
0.00824412 31cd9cd8 21006
0.008227258 31cd9cd8 21173
0.008207283 31cd9cd8 15911
0.008199699 31cd9cd8 17254
0.008164544 31cd9cd8 18153
0.008065414 31cd9cd8 19181
0.00804854 31cd9cd8 18283
0.008001331 31cd9cd8 19905
0.007994478 31cd9cd8 16931
0.007987599 31cd9cd8 15308
0.007973775 31cd9cd8 22115
0.007972806 31cd9cd8 11089
0.007971783 31cd9cd8 17015
0.007957685 31cd9cd8 18615
0.007948764 31cd9cd8 19957
0.007920811 31cd9cd8 21530
0.007917577 31cd9cd8 18453
0.0079043 31cd9cd8 17986
0.007863581 31cd9cd8 19688
0.007842095 31cd9cd8 17400
0.007793297 31cd9cd8 19134
0.007758323 31cd9cd8 20183
0.00774748 31cd9cd8 14340
0.0077425092 31cd9cd8 18260
0.0077262763 31cd9cd8 19308
0.0077081034 31cd9cd8 19392
0.0076812045 31cd9cd8 21440
0.007658787 31cd9cd8 22291
0.007636886 31cd9cd8 19393
0.0076159365 31cd9cd8 18842
0.0076159365 31cd9cd8 18841
0.007565357 31cd9cd8 21333
0.007512826 31cd9cd8 19686
0.0074973116 31cd9cd8 15828
0.007450752 31cd9cd8 17317
0.007447033 31cd9cd8 22111
0.0074441703 31cd9cd8 19241
0.007437533 31cd9cd8 17945
0.007388569 31cd9cd8 18766
0.007335267 31cd9cd8 14126
0.007316419 31cd9cd8 15913
0.007316289 31cd9cd8 15417
0.00725487 31cd9cd8 20013
0.0072464496 31cd9cd8 16423
0.0072368523 31cd9cd8 16905
0.0072308453 31cd9cd8 20224
0.0072304853 31cd9cd8 21653
0.0072108842 31cd9cd8 19454
0.007206305 31cd9cd8 22025
0.007200017 31cd9cd8 22423
0.007200017 31cd9cd8 22423
0.0071952078 31cd9cd8 18737
0.0071718 31cd9cd8 21844
0.0071509224 31cd9cd8 18990
0.007131099 31cd9cd8 20843
0.0071115163 31cd9cd8 16145
0.0071079265 31cd9cd8 16495
0.0071011875 31cd9cd8 19342
0.0070886067 31cd9cd8 17165
0.0070773773 31cd9cd8 15340
0.0070767594 31cd9cd8 16658
0.007076714 31cd9cd8 21109
0.007066008 31cd9cd8 20437
0.0070483508 31cd9cd8 19965
0.0070483508 31cd9cd8 19965
0.0070316875 31cd9cd8 18480
0.007026081 31cd9cd8 12110
0.007002027 31cd9cd8 16983
0.0069904746 31cd9cd8 18860
0.006974905 31cd9cd8 19284
0.0069538257 31cd9cd8 17471
0.0069400812 31cd9cd8 21676
0.006939689 31cd9cd8 18188
0.0068817814 31cd9cd8 20257
0.006841036 31cd9cd8 17546
0.006809897 31cd9cd8 18094
0.0067784726 31cd9cd8 21019
0.0067614443 31cd9cd8 16991
0.0067448383 31cd9cd8 22060
0.0067307483 31cd9cd8 19439
0.0067230645 31cd9cd8 15886
0.0067131855 31cd9cd8 18789
0.0066941986 31cd9cd8 16444
0.0066877566 31cd9cd8 19117
0.006663848 31cd9cd8 18401
0.006648038 31cd9cd8 18670
0.0065489286 31cd9cd8 18913
0.006541508 31cd9cd8 18873
0.0065403054 31cd9cd8 17481
0.0065383217 31cd9cd8 21236
0.006501814 31cd9cd8 17001
0.006499615 31cd9cd8 18926
0.006482568 31cd9cd8 20967
0.006468199 31cd9cd8 22127
0.0064652683 31cd9cd8 16209
0.0064569153 31cd9cd8 16587
0.0064465925 31cd9cd8 21501
0.0064068274 31cd9cd8 16820
0.00639182 31cd9cd8 19990
0.00637284 31cd9cd8 19841
0.006324289 31cd9cd8 16383
0.006315109 31cd9cd8 18581
0.006279923 31cd9cd8 18892
0.006278749 31cd9cd8 19736
0.0062654056 31cd9cd8 20254
0.0062654056 31cd9cd8 20252
0.0062647797 31cd9cd8 20385
0.0062037716 31cd9cd8 17868
0.006148686 31cd9cd8 22027
0.006148686 31cd9cd8 22026
0.0061406167 31cd9cd8 18918
0.0061317543 31cd9cd8 10378
0.006092434 31cd9cd8 18368
0.0060757315 31cd9cd8 18496
0.006061832 31cd9cd8 14765
0.0060385657 31cd9cd8 17417
0.0060289465 31cd9cd8 17398
0.0060245236 31cd9cd8 13755
0.006020217 31cd9cd8 19872
0.005999479 31cd9cd8 19694
0.0059953285 31cd9cd8 16174
0.0059246346 31cd9cd8 17698
0.0059195445 31cd9cd8 18512
0.0059029353 31cd9cd8 10377
0.0058752354 31cd9cd8 17100
0.005863819 31cd9cd8 18252
0.005855681 31cd9cd8 17760
0.0058519687 31cd9cd8 13756
0.005849646 31cd9cd8 22185
0.0058359182 31cd9cd8 19547
0.0057841423 31cd9cd8 19322
0.0056926403 31cd9cd8 14432
0.0056845928 31cd9cd8 18638
0.0056709894 31cd9cd8 20139
0.0056409948 31cd9cd8 17746
0.005629681 31cd9cd8 19347
0.0056284997 31cd9cd8 16396
0.0056233956 31cd9cd8 15814
0.0055832793 31cd9cd8 16502
0.005544676 31cd9cd8 17368
0.005510198 31cd9cd8 17890
0.005477463 31cd9cd8 19269
0.005474494 31cd9cd8 17429
0.00545559 31cd9cd8 19819
0.00534148 31cd9cd8 19394
0.00532174 31cd9cd8 15487
0.00532174 31cd9cd8 15485
0.005310506 31cd9cd8 20109
0.005292298 31cd9cd8 19796
0.0052651297 31cd9cd8 16822
0.005257208 31cd9cd8 16461
0.005254123 31cd9cd8 18366
0.005231071 31cd9cd8 18071
0.0051684203 31cd9cd8 17448
0.0051527005 31cd9cd8 19441
0.0051448587 31cd9cd8 22061
0.0051369886 31cd9cd8 17973
0.005126175 31cd9cd8 21697
0.0050422056 31cd9cd8 19391
0.004994311 31cd9cd8 18371
0.004983538 31cd9cd8 20243
0.0049329675 31cd9cd8 18215
0.0048560076 31cd9cd8 21658
0.0048538805 31cd9cd8 14584
0.004840049 31cd9cd8 13926
0.0048313537 31cd9cd8 20471
0.0047583506 31cd9cd8 21607
0.0047391932 31cd9cd8 22210
0.0046824426 31cd9cd8 14970
0.0046741557 31cd9cd8 20284
0.0046741557 31cd9cd8 20283
0.0046741557 31cd9cd8 20282
0.0046610627 31cd9cd8 19366
0.004613101 31cd9cd8 15764
0.004590143 31cd9cd8 19729
0.0045593046 31cd9cd8 17200
0.0045442274 31cd9cd8 13762
0.004524597 31cd9cd8 19501
0.0044891494 31cd9cd8 19660
0.0044536674 31cd9cd8 19525
0.0043761116 31cd9cd8 16021
0.0043706093 31cd9cd8 15871
0.004366222 31cd9cd8 16477
0.0043010865 31cd9cd8 17219
0.004279291 31cd9cd8 20018
0.0042457627 31cd9cd8 20369
0.004241594 31cd9cd8 18048
0.004236184 31cd9cd8 17492
0.0041939165 31cd9cd8 22278
0.004158833 31cd9cd8 10376
0.0041557844 31cd9cd8 19603
0.0041121417 31cd9cd8 22134
0.0040929634 31cd9cd8 16192
0.0037954226 31cd9cd8 18531
0.0037699738 31cd9cd8 18812
0.0037564938 31cd9cd8 16860
0.0037331516 31cd9cd8 16603
0.0036380088 31cd9cd8 20537
0.0035912157 31cd9cd8 13960
0.0035788605 31cd9cd8 20147
0.0033451347 31cd9cd8 20093
0.0033365188 31cd9cd8 18725
0.0033323902 31cd9cd8 15790
0.00325631 31cd9cd8 19700
0.0032426412 31cd9cd8 17946
0.0032208771 31cd9cd8 16645
0.0032031073 31cd9cd8 19277
0.003195097 31cd9cd8 12507
0.003072761 31cd9cd8 18539
0.002917742 31cd9cd8 20616
0.0029073171 31cd9cd8 17442
0.0028330558 31cd9cd8 21040
0.0026851029 31cd9cd8 17439
0.0026650424 31cd9cd8 21683
0.0026489026 31cd9cd8 21535
0.0026059765 31cd9cd8 18514
0.0025751076 31cd9cd8 16640
0.0025369814 31cd9cd8 17205
0.0025216874 31cd9cd8 19738
0.0024872485 31cd9cd8 22355
0.0024872485 31cd9cd8 21140
0.0024872485 31cd9cd8 19237
0.0024872485 31cd9cd8 19218
0.0024872485 31cd9cd8 19049
0.0024872485 31cd9cd8 17891
0.002466972 31cd9cd8 17204
0.0024656986 31cd9cd8 18554
0.0024656986 31cd9cd8 17764
0.0024656986 31cd9cd8 17263
0.0024625293 31cd9cd8 17783
0.0024366954 31cd9cd8 22247
0.0024289154 31cd9cd8 18050
0.0024289154 31cd9cd8 18033
0.0023948117 31cd9cd8 18236
0.0023855278 31cd9cd8 20213
0.0023080825 31cd9cd8 21363
0.0023080825 31cd9cd8 21327
0.0023080825 31cd9cd8 21079
0.0023080825 31cd9cd8 20669
0.0023080825 31cd9cd8 19900
0.0023080825 31cd9cd8 18907
0.0023080825 31cd9cd8 17893
0.0023080825 31cd9cd8 17123
0.0023080825 31cd9cd8 16567
0.0023080825 31cd9cd8 16311
0.0023080825 31cd9cd8 13091
0.002290831 31cd9cd8 21988
0.002290831 31cd9cd8 20425
0.002290831 31cd9cd8 18011
0.002290831 31cd9cd8 17562
0.002290831 31cd9cd8 16969
0.002290831 31cd9cd8 16240
0.002290831 31cd9cd8 16212
0.002287948 31cd9cd8 16813
0.0022251252 31cd9cd8 18633
0.0022251252 31cd9cd8 18632
0.0021724286 31cd9cd8 20386
0.0021580253 31cd9cd8 21964
0.002101363 31cd9cd8 13749
0.0020878867 31cd9cd8 18103
0.0020878867 31cd9cd8 18103
0.0020596196 31cd9cd8 15432
0.0020348118 31cd9cd8 15163
0.0020292623 31cd9cd8 16069
0.0020222717 31cd9cd8 16924
0.0020078914 31cd9cd8 18175
0.0019975472 31cd9cd8 13054
0.0019841094 31cd9cd8 21349
0.0019199112 31cd9cd8 18364
0.0018619812 31cd9cd8 19038
0.0017931116 31cd9cd8 19201
0.001781391 31cd9cd8 20020
0.0017447827 31cd9cd8 20904
0.0017409776 31cd9cd8 20629
0.0017024637 31cd9cd8 17032
0.0016955051 31cd9cd8 18211
0.0016955051 31cd9cd8 17859
0.0016955051 31cd9cd8 15949
0.0016733161 31cd9cd8 18779
0.0016631135 31cd9cd8 17238
0.0016599913 31cd9cd8 22005
0.0016489686 31cd9cd8 19278
0.0016469691 31cd9cd8 17376
0.0016299272 31cd9cd8 19583
0.0016092682 31cd9cd8 11944
0.001595743 31cd9cd8 16441
0.0015748465 31cd9cd8 17897
0.0015748465 31cd9cd8 17792
0.0015748465 31cd9cd8 17033
0.0015748465 31cd9cd8 17031
0.0015748465 31cd9cd8 16943
0.0015748465 31cd9cd8 16942
0.0015748465 31cd9cd8 16806
0.0015748465 31cd9cd8 16792
0.0015748465 31cd9cd8 16783
0.0015693334 31cd9cd8 17554
0.0015360302 31cd9cd8 18904
0.0015308985 31cd9cd8 21962
0.0014337015 31cd9cd8 20473
0.0013661133 31cd9cd8 19665
0.0013661133 31cd9cd8 19421
0.0013534818 31cd9cd8 18808
0.0013460953 31cd9cd8 22310
0.0013339409 31cd9cd8 20615
0.0013253243 31cd9cd8 11489
0.0013198811 31cd9cd8 19548
0.0013089558 31cd9cd8 19390
0.0012880322 31cd9cd8 19725
0.0012830172 31cd9cd8 21973
0.0012616777 31cd9cd8 20528
0.0012569724 31cd9cd8 19273
0.0012436341 31cd9cd8 17795
0.0012305676 31cd9cd8 17030
0.0012280598 31cd9cd8 17461
0.001208377 31cd9cd8 21885
0.0011962232 31cd9cd8 20383
0.0011904308 31cd9cd8 14419
0.0011779849 31cd9cd8 22088
0.0011760029 31cd9cd8 16568
0.0011347703 31cd9cd8 18847
0.0011308705 31cd9cd8 16922
0.0011162605 31cd9cd8 18179
0.0011154566 31cd9cd8 18899
0.0011141759 31cd9cd8 17005
0.0011076212 31cd9cd8 21312
0.0010786268 31cd9cd8 16889
0.001057922 31cd9cd8 21579
0.0010392364 31cd9cd8 14019
0.0010353158 31cd9cd8 17016
0.0010200399 31cd9cd8 16050
0.0009935338 31cd9cd8 16375
0.000985165 31cd9cd8 20572
0.0009837981 31cd9cd8 20504
0.0009791075 31cd9cd8 18013
0.00096686656 31cd9cd8 17324
0.0009625913 31cd9cd8 16974
0.00095541554 31cd9cd8 17709
0.0009483735 31cd9cd8 17479
0.0009184736 31cd9cd8 19785
0.0008905953 31cd9cd8 19958
0.00088879914 31cd9cd8 16883
0.0008736055 31cd9cd8 17619
0.0008670936 31cd9cd8 16741
0.0008489331 31cd9cd8 22408
0.00083577505 31cd9cd8 14181
0.00083038973 31cd9cd8 17230
0.0008238665 31cd9cd8 21982
0.00081903633 31cd9cd8 17080
0.00080531044 31cd9cd8 16029
0.00079214654 31cd9cd8 19030
0.0007835592 31cd9cd8 20503
0.00078256725 31cd9cd8 16068
0.00077595364 31cd9cd8 18630
0.0007756649 31cd9cd8 22182
0.0007710181 31cd9cd8 17304
0.00075367145 31cd9cd8 17211
0.00075367145 31cd9cd8 17183
0.0007505713 31cd9cd8 21957
0.00074278575 31cd9cd8 16343
0.0007411219 31cd9cd8 22267
0.00073174486 31cd9cd8 19784
0.0007072671 31cd9cd8 19401
0.000702887 31cd9cd8 17726
0.0006870871 31cd9cd8 16016
0.0006556579 31cd9cd8 19816
0.00065349636 31cd9cd8 16391
0.0006250591 31cd9cd8 20314
0.00062169577 31cd9cd8 20107
0.0006178345 31cd9cd8 19636
0.00061770796 31cd9cd8 19861
0.000608568 31cd9cd8 16833
0.00059707 31cd9cd8 16481
0.00057718495 31cd9cd8 20521
0.00057441375 31cd9cd8 17486
0.000572311 31cd9cd8 19234
0.0005547326 31cd9cd8 17222
0.0005526323 31cd9cd8 16682
0.00054172834 31cd9cd8 16251
0.0005360083 31cd9cd8 20949
0.00053304737 31cd9cd8 17626
0.00048092887 31cd9cd8 21176
0.0004313307 31cd9cd8 15029
0.00042640886 31cd9cd8 16531
0.00041865866 31cd9cd8 16962
0.00041504015 31cd9cd8 20235
0.0004121366 31cd9cd8 16135
0.00041143192 31cd9cd8 19818
0.00037346798 31cd9cd8 19352
0.0003721622 31cd9cd8 19361
0.00034471927 31cd9cd8 20190
0.00022499282 31cd9cd8 22331
0.00016513733 31cd9cd8 18361
0.00015971156 31cd9cd8 18370
2.776519e-05 31cd9cd8 19868
0.0 31cd9cd8 22443
0.0 31cd9cd8 22436
0.0 31cd9cd8 22347
0.0 31cd9cd8 22333
0.0 31cd9cd8 22323
0.0 31cd9cd8 22272
0.0 31cd9cd8 22252
0.0 31cd9cd8 22207
0.0 31cd9cd8 22179
0.0 31cd9cd8 22108
0.0 31cd9cd8 22090
0.0 31cd9cd8 22046
0.0 31cd9cd8 21981
0.0 31cd9cd8 21971
0.0 31cd9cd8 21939
0.0 31cd9cd8 21938
0.0 31cd9cd8 21917
0.0 31cd9cd8 21908
0.0 31cd9cd8 21895
0.0 31cd9cd8 21877
0.0 31cd9cd8 21866
0.0 31cd9cd8 21821
0.0 31cd9cd8 21818
0.0 31cd9cd8 21814
0.0 31cd9cd8 21741
0.0 31cd9cd8 21722
0.0 31cd9cd8 21686
0.0 31cd9cd8 21677
0.0 31cd9cd8 21641
0.0 31cd9cd8 21606
0.0 31cd9cd8 21513
0.0 31cd9cd8 21412
0.0 31cd9cd8 21384
0.0 31cd9cd8 21378
0.0 31cd9cd8 21310
0.0 31cd9cd8 21307
0.0 31cd9cd8 21244
0.0 31cd9cd8 21186
0.0 31cd9cd8 21183
0.0 31cd9cd8 21170
0.0 31cd9cd8 21167
0.0 31cd9cd8 21153
0.0 31cd9cd8 21151
0.0 31cd9cd8 21131
0.0 31cd9cd8 21127
0.0 31cd9cd8 21125
0.0 31cd9cd8 21066
0.0 31cd9cd8 21050
0.0 31cd9cd8 21035
0.0 31cd9cd8 20968
0.0 31cd9cd8 20922
0.0 31cd9cd8 20900
0.0 31cd9cd8 20852
0.0 31cd9cd8 20810
0.0 31cd9cd8 20806
0.0 31cd9cd8 20784
0.0 31cd9cd8 20780
0.0 31cd9cd8 20751
0.0 31cd9cd8 20708
0.0 31cd9cd8 20680
0.0 31cd9cd8 20664
0.0 31cd9cd8 20651
0.0 31cd9cd8 20624
0.0 31cd9cd8 20621
0.0 31cd9cd8 20620
0.0 31cd9cd8 20619
0.0 31cd9cd8 20457
0.0 31cd9cd8 20275
0.0 31cd9cd8 20253
0.0 31cd9cd8 20202
0.0 31cd9cd8 20148
0.0 31cd9cd8 20034
0.0 31cd9cd8 19967
0.0 31cd9cd8 19917
0.0 31cd9cd8 19892
0.0 31cd9cd8 19865
0.0 31cd9cd8 19833
0.0 31cd9cd8 19820
0.0 31cd9cd8 19817
0.0 31cd9cd8 19761
0.0 31cd9cd8 19756
0.0 31cd9cd8 19746
0.0 31cd9cd8 19695
0.0 31cd9cd8 19674
0.0 31cd9cd8 19668
0.0 31cd9cd8 19652
0.0 31cd9cd8 19606
0.0 31cd9cd8 19597
0.0 31cd9cd8 19453
0.0 31cd9cd8 19450
0.0 31cd9cd8 19429
0.0 31cd9cd8 19411
0.0 31cd9cd8 19398
0.0 31cd9cd8 19335
0.0 31cd9cd8 19332
0.0 31cd9cd8 19287
0.0 31cd9cd8 19282
0.0 31cd9cd8 19276
0.0 31cd9cd8 19268
0.0 31cd9cd8 19236
0.0 31cd9cd8 19216
0.0 31cd9cd8 19213
0.0 31cd9cd8 19179
0.0 31cd9cd8 19164
0.0 31cd9cd8 19130
0.0 31cd9cd8 19029
0.0 31cd9cd8 19023
0.0 31cd9cd8 19022
0.0 31cd9cd8 18942
0.0 31cd9cd8 18941
0.0 31cd9cd8 18903
0.0 31cd9cd8 18874
0.0 31cd9cd8 18848
0.0 31cd9cd8 18816
0.0 31cd9cd8 18803
0.0 31cd9cd8 18777
0.0 31cd9cd8 18719
0.0 31cd9cd8 18698
0.0 31cd9cd8 18679
0.0 31cd9cd8 18660
0.0 31cd9cd8 18634
0.0 31cd9cd8 18587
0.0 31cd9cd8 18510
0.0 31cd9cd8 18503
0.0 31cd9cd8 18502
0.0 31cd9cd8 18494
0.0 31cd9cd8 18481
0.0 31cd9cd8 18467
0.0 31cd9cd8 18465
0.0 31cd9cd8 18444
0.0 31cd9cd8 18432
0.0 31cd9cd8 18394
0.0 31cd9cd8 18362
0.0 31cd9cd8 18351
0.0 31cd9cd8 18331
0.0 31cd9cd8 18311
0.0 31cd9cd8 18269
0.0 31cd9cd8 18230
0.0 31cd9cd8 18190
0.0 31cd9cd8 18151
0.0 31cd9cd8 18141
0.0 31cd9cd8 18127
0.0 31cd9cd8 18099
0.0 31cd9cd8 18052
0.0 31cd9cd8 18034
0.0 31cd9cd8 17981
0.0 31cd9cd8 17975
0.0 31cd9cd8 17974
0.0 31cd9cd8 17936
0.0 31cd9cd8 17931
0.0 31cd9cd8 17918
0.0 31cd9cd8 17912
0.0 31cd9cd8 17872
0.0 31cd9cd8 17870
0.0 31cd9cd8 17848
0.0 31cd9cd8 17833
0.0 31cd9cd8 17812
0.0 31cd9cd8 17714
0.0 31cd9cd8 17686
0.0 31cd9cd8 17591
0.0 31cd9cd8 17589
0.0 31cd9cd8 17515
0.0 31cd9cd8 17498
0.0 31cd9cd8 17491
0.0 31cd9cd8 17425
0.0 31cd9cd8 17411
0.0 31cd9cd8 17404
0.0 31cd9cd8 17401
0.0 31cd9cd8 17399
0.0 31cd9cd8 17396
0.0 31cd9cd8 17365
0.0 31cd9cd8 17357
0.0 31cd9cd8 17329
0.0 31cd9cd8 17327
0.0 31cd9cd8 17311
0.0 31cd9cd8 17310
0.0 31cd9cd8 17308
0.0 31cd9cd8 17305
0.0 31cd9cd8 17302
0.0 31cd9cd8 17299
0.0 31cd9cd8 17297
0.0 31cd9cd8 17295
0.0 31cd9cd8 17293
0.0 31cd9cd8 17287
0.0 31cd9cd8 17250
0.0 31cd9cd8 17226
0.0 31cd9cd8 17225
0.0 31cd9cd8 17190
0.0 31cd9cd8 17181
0.0 31cd9cd8 17169
0.0 31cd9cd8 17164
0.0 31cd9cd8 17158
0.0 31cd9cd8 17135
0.0 31cd9cd8 17128
0.0 31cd9cd8 17106
0.0 31cd9cd8 17065
0.0 31cd9cd8 16957
0.0 31cd9cd8 16955
0.0 31cd9cd8 16951
0.0 31cd9cd8 16948
0.0 31cd9cd8 16866
0.0 31cd9cd8 16836
0.0 31cd9cd8 16818
0.0 31cd9cd8 16804
0.0 31cd9cd8 16774
0.0 31cd9cd8 16770
0.0 31cd9cd8 16744
0.0 31cd9cd8 16709
0.0 31cd9cd8 16693
0.0 31cd9cd8 16608
0.0 31cd9cd8 16593
0.0 31cd9cd8 16592
0.0 31cd9cd8 16591
0.0 31cd9cd8 16586
0.0 31cd9cd8 16578
0.0 31cd9cd8 16569
0.0 31cd9cd8 16563
0.0 31cd9cd8 16558
0.0 31cd9cd8 16557
0.0 31cd9cd8 16483
0.0 31cd9cd8 16433
0.0 31cd9cd8 16418
0.0 31cd9cd8 16409
0.0 31cd9cd8 16362
0.0 31cd9cd8 16318
0.0 31cd9cd8 16275
0.0 31cd9cd8 16268
0.0 31cd9cd8 16227
0.0 31cd9cd8 16216
0.0 31cd9cd8 16215
0.0 31cd9cd8 16201
0.0 31cd9cd8 16130
0.0 31cd9cd8 16122
0.0 31cd9cd8 16078
0.0 31cd9cd8 16019
0.0 31cd9cd8 15985
0.0 31cd9cd8 15942
0.0 31cd9cd8 15935
0.0 31cd9cd8 15924
0.0 31cd9cd8 15903
0.0 31cd9cd8 15827
0.0 31cd9cd8 15812
0.0 31cd9cd8 15803
0.0 31cd9cd8 15566
0.0 31cd9cd8 15461
0.0 31cd9cd8 15437
0.0 31cd9cd8 15402
0.0 31cd9cd8 15279
0.0 31cd9cd8 15158
0.0 31cd9cd8 14929
0.0 31cd9cd8 14889
0.0 31cd9cd8 14819
0.0 31cd9cd8 14636
0.0 31cd9cd8 14586
0.0 31cd9cd8 14582
0.0 31cd9cd8 13982
0.0 31cd9cd8 12321
0.0 31cd9cd8 10816
0.0 31cd9cd8 10760
0.0 31cd9cd8 10751
0.0 31cd9cd8 10483
0.0 31cd9cd8 9384
0.0 31cd9cd8 7157

