0.35450023 87314d24 16951
0.20467688 87314d24 10541
0.20274825 87314d24 18702
0.168696 87314d24 20932
0.15201974 87314d24 19668
0.13377173 87314d24 18922
0.11743021 87314d24 19863
0.10578275 87314d24 20557
0.09888921 87314d24 18697
0.09854761 87314d24 21007
0.094086945 87314d24 19299
0.091672614 87314d24 20801
0.084680386 87314d24 22368
0.08128327 87314d24 20556
0.07663811 87314d24 21530
0.07226737 87314d24 13926
0.062118337 87314d24 20519
0.058793508 87314d24 17460
0.055980198 87314d24 21549
0.054573733 87314d24 20832
0.054222643 87314d24 16725
0.047169186 87314d24 19656
0.04588884 87314d24 17412
0.043572165 87314d24 19367
0.042692233 87314d24 19960
0.04169042 87314d24 17145
0.04014 87314d24 18628
0.04014 87314d24 18627
0.03880043 87314d24 18651
0.03867675 87314d24 18143
0.03652173 87314d24 22258
0.035600137 87314d24 20516
0.035199054 87314d24 20441
0.034662567 87314d24 20737
0.03393352 87314d24 16801
0.03342539 87314d24 19499
0.032399993 87314d24 16253
0.030603837 87314d24 22039
0.03019295 87314d24 16512
0.030077918 87314d24 22240
0.029956162 87314d24 18793
0.029231424 87314d24 19400
0.029135728 87314d24 18320
0.028749125 87314d24 16279
0.02856499 87314d24 18876
0.028505748 87314d24 17842
0.028501555 87314d24 17489
0.02817646 87314d24 18451
0.027988307 87314d24 20409
0.027011184 87314d24 14356
0.026695454 87314d24 19386
0.026613107 87314d24 18673
0.026591687 87314d24 20786
0.026440816 87314d24 16711
0.026359376 87314d24 17782
0.026037954 87314d24 22434
0.025996724 87314d24 17805
0.025641052 87314d24 17606
0.025125146 87314d24 22082
0.025018202 87314d24 17034
0.024768213 87314d24 22102
0.024738017 87314d24 20196
0.02472661 87314d24 17248
0.02465796 87314d24 15214
0.024584698 87314d24 17249
0.024509544 87314d24 18609
0.024471119 87314d24 19654
0.024455847 87314d24 19009
0.024366232 87314d24 12305
0.024326015 87314d24 20762
0.023972403 87314d24 16336
0.023854509 87314d24 20979
0.023624051 87314d24 14026
0.023616562 87314d24 14713
0.023299413 87314d24 15999
0.022976609 87314d24 19090
0.022855513 87314d24 14678
0.022810644 87314d24 16980
0.022525499 87314d24 16308
0.022381403 87314d24 19427
0.021903664 87314d24 19483
0.021555256 87314d24 19937
0.021427292 87314d24 19519
0.020743204 87314d24 11210
0.020482415 87314d24 18905
0.02036374 87314d24 17787
0.019703977 87314d24 16964
0.01953186 87314d24 21455
0.019366823 87314d24 18177
0.019312458 87314d24 18293
0.019265646 87314d24 15848
0.019185426 87314d24 19815
0.019095933 87314d24 21261
0.018923499 87314d24 21189
0.018908156 87314d24 14699
0.018902557 87314d24 15910
0.01882222 87314d24 20137
0.018758388 87314d24 21576
0.018706743 87314d24 17621
0.018596917 87314d24 21218
0.018580535 87314d24 16469
0.018332861 87314d24 22006
0.018228468 87314d24 18275
0.017998079 87314d24 21188
0.017878762 87314d24 19602
0.017535456 87314d24 17320
0.017504022 87314d24 17825
0.017320313 87314d24 12871
0.017062966 87314d24 21459
0.016931327 87314d24 19781
0.016569097 87314d24 19774
0.01654575 87314d24 19314
0.015829364 87314d24 21311
0.015481815 87314d24 20792
0.015355639 87314d24 19249
0.015281536 87314d24 19301
0.015176699 87314d24 22079
0.01496648 87314d24 19940
0.014958568 87314d24 20298
0.014518556 87314d24 18115
0.0142831495 87314d24 16618
0.014204128 87314d24 20046
0.0141233895 87314d24 18153
0.014099403 87314d24 19153
0.014035288 87314d24 11257
0.014008878 87314d24 17857
0.013933896 87314d24 22254
0.013867093 87314d24 17370
0.013745457 87314d24 20055
0.013601697 87314d24 18939
0.013549868 87314d24 20827
0.013466778 87314d24 16061
0.013119261 87314d24 21726
0.013062231 87314d24 20429
0.012784224 87314d24 21578
0.012658713 87314d24 20830
0.012597721 87314d24 18079
0.012491856 87314d24 19433
0.012486206 87314d24 22411
0.012477849 87314d24 22386
0.012044826 87314d24 17026
0.0119538745 87314d24 20543
0.0119063305 87314d24 14856
0.011895199 87314d24 17056
0.011891038 87314d24 20628
0.0117096165 87314d24 20637
0.011644935 87314d24 20662
0.011415986 87314d24 19517
0.0112654045 87314d24 15796
0.011152509 87314d24 20175
0.0111222435 87314d24 21953
0.010926295 87314d24 20151
0.010894428 87314d24 15529
0.010888359 87314d24 20123
0.010581622 87314d24 20098
0.010441493 87314d24 20638
0.010373805 87314d24 15108
0.010335347 87314d24 19624
0.010324928 87314d24 15608
0.010191836 87314d24 19850
0.010145462 87314d24 19851
0.010095287 87314d24 18093
0.009957125 87314d24 22150
0.009747627 87314d24 16526
0.009696673 87314d24 21509
0.0095889075 87314d24 20405
0.009532308 87314d24 16634
0.009509718 87314d24 19622
0.009504378 87314d24 15913
0.009458925 87314d24 17765
0.008972124 87314d24 16442
0.008875221 87314d24 13359
0.008406438 87314d24 14630
0.008126603 87314d24 21117
0.0081234975 87314d24 16192
0.007804538 87314d24 21897
0.007699242 87314d24 14503
0.007682894 87314d24 21452
0.007682894 87314d24 21451
0.0075570634 87314d24 16051
0.0073851217 87314d24 19961
0.0072735976 87314d24 18836
0.007272953 87314d24 21013
0.007246041 87314d24 14844
0.0071375477 87314d24 20222
0.007065799 87314d24 19743
0.007065799 87314d24 19743
0.0069459 87314d24 19320
0.0069017336 87314d24 16355
0.0067210468 87314d24 22268
0.0066827494 87314d24 15854
0.006391364 87314d24 12457
0.0063514053 87314d24 19866
0.006180556 87314d24 17019
0.0059150783 87314d24 19222
0.005559021 87314d24 10441
0.005520956 87314d24 16624
0.0052650603 87314d24 19681
0.0048849354 87314d24 13468
0.0041050273 87314d24 21147
0.003921742 87314d24 21954
0.0038446013 87314d24 21454
0.0035832976 87314d24 16925
0.0025585073 87314d24 21583
0.0013827522 87314d24 11089
0.0 87314d24 22443
0.0 87314d24 22440
0.0 87314d24 22438
0.0 87314d24 22436
0.0 87314d24 22432
0.0 87314d24 22423
0.0 87314d24 22423
0.0 87314d24 22410
0.0 87314d24 22408
0.0 87314d24 22397
0.0 87314d24 22392
0.0 87314d24 22390
0.0 87314d24 22384
0.0 87314d24 22361
0.0 87314d24 22355
0.0 87314d24 22350
0.0 87314d24 22347
0.0 87314d24 22334
0.0 87314d24 22333
0.0 87314d24 22331
0.0 87314d24 22323
0.0 87314d24 22318
0.0 87314d24 22310
0.0 87314d24 22301
0.0 87314d24 22294
0.0 87314d24 22293
0.0 87314d24 22291
0.0 87314d24 22288
0.0 87314d24 22284
0.0 87314d24 22282
0.0 87314d24 22281
0.0 87314d24 22278
0.0 87314d24 22276
0.0 87314d24 22272
0.0 87314d24 22267
0.0 87314d24 22253
0.0 87314d24 22252
0.0 87314d24 22247
0.0 87314d24 22243
0.0 87314d24 22237
0.0 87314d24 22214
0.0 87314d24 22211
0.0 87314d24 22210
0.0 87314d24 22207
0.0 87314d24 22198
0.0 87314d24 22193
0.0 87314d24 22185
0.0 87314d24 22183
0.0 87314d24 22182
0.0 87314d24 22179
0.0 87314d24 22163
0.0 87314d24 22154
0.0 87314d24 22138
0.0 87314d24 22134
0.0 87314d24 22127
0.0 87314d24 22115
0.0 87314d24 22111
0.0 87314d24 22108
0.0 87314d24 22103
0.0 87314d24 22094
0.0 87314d24 22090
0.0 87314d24 22088
0.0 87314d24 22081
0.0 87314d24 22078
0.0 87314d24 22077
0.0 87314d24 22075
0.0 87314d24 22074
0.0 87314d24 22066
0.0 87314d24 22061
0.0 87314d24 22060
0.0 87314d24 22058
0.0 87314d24 22055
0.0 87314d24 22046
0.0 87314d24 22038
0.0 87314d24 22036
0.0 87314d24 22032
0.0 87314d24 22027
0.0 87314d24 22026
0.0 87314d24 22025
0.0 87314d24 22022
0.0 87314d24 22019
0.0 87314d24 22015
0.0 87314d24 22011
0.0 87314d24 22008
0.0 87314d24 22007
0.0 87314d24 22005
0.0 87314d24 21989
0.0 87314d24 21988
0.0 87314d24 21982
0.0 87314d24 21981
0.0 87314d24 21978
0.0 87314d24 21976
0.0 87314d24 21973
0.0 87314d24 21971
0.0 87314d24 21964
0.0 87314d24 21962
0.0 87314d24 21959
0.0 87314d24 21958
0.0 87314d24 21957
0.0 87314d24 21945
0.0 87314d24 21944
0.0 87314d24 21939
0.0 87314d24 21938
0.0 87314d24 21934
0.0 87314d24 21933
0.0 87314d24 21921
0.0 87314d24 21917
0.0 87314d24 21915
0.0 87314d24 21913
0.0 87314d24 21908
0.0 87314d24 21902
0.0 87314d24 21895
0.0 87314d24 21885
0.0 87314d24 21884
0.0 87314d24 21878
0.0 87314d24 21877
0.0 87314d24 21866
0.0 87314d24 21858
0.0 87314d24 21852
0.0 87314d24 21844
0.0 87314d24 21843
0.0 87314d24 21842
0.0 87314d24 21839
0.0 87314d24 21821
0.0 87314d24 21819
0.0 87314d24 21818
0.0 87314d24 21814
0.0 87314d24 21808
0.0 87314d24 21798
0.0 87314d24 21796
0.0 87314d24 21780
0.0 87314d24 21765
0.0 87314d24 21764
0.0 87314d24 21753
0.0 87314d24 21749
0.0 87314d24 21741
0.0 87314d24 21725
0.0 87314d24 21723
0.0 87314d24 21722
0.0 87314d24 21713
0.0 87314d24 21707
0.0 87314d24 21706
0.0 87314d24 21698
0.0 87314d24 21697
0.0 87314d24 21690
0.0 87314d24 21689
0.0 87314d24 21686
0.0 87314d24 21683
0.0 87314d24 21681
0.0 87314d24 21677
0.0 87314d24 21676
0.0 87314d24 21675
0.0 87314d24 21661
0.0 87314d24 21659
0.0 87314d24 21658
0.0 87314d24 21653
0.0 87314d24 21641
0.0 87314d24 21621
0.0 87314d24 21607
0.0 87314d24 21606
0.0 87314d24 21603
0.0 87314d24 21587
0.0 87314d24 21586
0.0 87314d24 21579
0.0 87314d24 21562
0.0 87314d24 21551
0.0 87314d24 21550
0.0 87314d24 21539
0.0 87314d24 21535
0.0 87314d24 21533
0.0 87314d24 21524
0.0 87314d24 21519
0.0 87314d24 21517
0.0 87314d24 21515
0.0 87314d24 21513
0.0 87314d24 21512
0.0 87314d24 21505
0.0 87314d24 21501
0.0 87314d24 21497
0.0 87314d24 21474
0.0 87314d24 21440
0.0 87314d24 21412
0.0 87314d24 21411
0.0 87314d24 21404
0.0 87314d24 21401
0.0 87314d24 21384
0.0 87314d24 21381
0.0 87314d24 21379
0.0 87314d24 21378
0.0 87314d24 21363
0.0 87314d24 21349
0.0 87314d24 21333
0.0 87314d24 21327
0.0 87314d24 21312
0.0 87314d24 21310
0.0 87314d24 21307
0.0 87314d24 21300
0.0 87314d24 21298
0.0 87314d24 21295
0.0 87314d24 21284
0.0 87314d24 21282
0.0 87314d24 21274
0.0 87314d24 21272
0.0 87314d24 21255
0.0 87314d24 21244
0.0 87314d24 21236
0.0 87314d24 21223
0.0 87314d24 21219
0.0 87314d24 21216
0.0 87314d24 21204
0.0 87314d24 21197
0.0 87314d24 21190
0.0 87314d24 21186
0.0 87314d24 21183
0.0 87314d24 21181
0.0 87314d24 21178
0.0 87314d24 21177
0.0 87314d24 21176
0.0 87314d24 21173
0.0 87314d24 21170
0.0 87314d24 21168
0.0 87314d24 21167
0.0 87314d24 21163
0.0 87314d24 21155
0.0 87314d24 21153
0.0 87314d24 21151
0.0 87314d24 21145
0.0 87314d24 21140
0.0 87314d24 21131
0.0 87314d24 21127
0.0 87314d24 21125
0.0 87314d24 21118
0.0 87314d24 21109
0.0 87314d24 21107
0.0 87314d24 21079
0.0 87314d24 21066
0.0 87314d24 21058
0.0 87314d24 21050
0.0 87314d24 21040
0.0 87314d24 21035
0.0 87314d24 21019
0.0 87314d24 21010
0.0 87314d24 21006
0.0 87314d24 20994
0.0 87314d24 20990
0.0 87314d24 20983
0.0 87314d24 20971
0.0 87314d24 20968
0.0 87314d24 20967
0.0 87314d24 20957
0.0 87314d24 20949
0.0 87314d24 20943
0.0 87314d24 20930
0.0 87314d24 20929
0.0 87314d24 20927
0.0 87314d24 20922
0.0 87314d24 20919
0.0 87314d24 20904
0.0 87314d24 20900
0.0 87314d24 20893
0.0 87314d24 20892
0.0 87314d24 20890
0.0 87314d24 20880
0.0 87314d24 20871
0.0 87314d24 20869
0.0 87314d24 20852
0.0 87314d24 20848
0.0 87314d24 20843
0.0 87314d24 20842
0.0 87314d24 20839
0.0 87314d24 20833
0.0 87314d24 20829
0.0 87314d24 20824
0.0 87314d24 20810
0.0 87314d24 20807
0.0 87314d24 20806
0.0 87314d24 20799
0.0 87314d24 20797
0.0 87314d24 20790
0.0 87314d24 20784
0.0 87314d24 20782
0.0 87314d24 20780
0.0 87314d24 20770
0.0 87314d24 20764
0.0 87314d24 20759
0.0 87314d24 20751
0.0 87314d24 20736
0.0 87314d24 20734
0.0 87314d24 20731
0.0 87314d24 20708
0.0 87314d24 20680
0.0 87314d24 20669
0.0 87314d24 20664
0.0 87314d24 20654
0.0 87314d24 20651
0.0 87314d24 20639
0.0 87314d24 20632
0.0 87314d24 20629
0.0 87314d24 20624
0.0 87314d24 20621
0.0 87314d24 20620
0.0 87314d24 20619
0.0 87314d24 20616
0.0 87314d24 20615
0.0 87314d24 20588
0.0 87314d24 20587
0.0 87314d24 20586
0.0 87314d24 20585
0.0 87314d24 20581
0.0 87314d24 20572
0.0 87314d24 20564
0.0 87314d24 20563
0.0 87314d24 20562
0.0 87314d24 20561
0.0 87314d24 20558
0.0 87314d24 20554
0.0 87314d24 20553
0.0 87314d24 20547
0.0 87314d24 20537
0.0 87314d24 20536
0.0 87314d24 20530
0.0 87314d24 20528
0.0 87314d24 20521
0.0 87314d24 20514
0.0 87314d24 20504
0.0 87314d24 20503
0.0 87314d24 20501
0.0 87314d24 20489
0.0 87314d24 20488
0.0 87314d24 20484
0.0 87314d24 20473
0.0 87314d24 20471
0.0 87314d24 20470
0.0 87314d24 20460
0.0 87314d24 20458
0.0 87314d24 20457
0.0 87314d24 20455
0.0 87314d24 20454
0.0 87314d24 20449
0.0 87314d24 20447
0.0 87314d24 20442
0.0 87314d24 20440
0.0 87314d24 20437
0.0 87314d24 20425
0.0 87314d24 20412
0.0 87314d24 20406
0.0 87314d24 20401
0.0 87314d24 20387
0.0 87314d24 20386
0.0 87314d24 20385
0.0 87314d24 20383
0.0 87314d24 20378
0.0 87314d24 20369
0.0 87314d24 20316
0.0 87314d24 20314
0.0 87314d24 20312
0.0 87314d24 20306
0.0 87314d24 20295
0.0 87314d24 20284
0.0 87314d24 20283
0.0 87314d24 20282
0.0 87314d24 20275
0.0 87314d24 20273
0.0 87314d24 20257
0.0 87314d24 20254
0.0 87314d24 20253
0.0 87314d24 20252
0.0 87314d24 20251
0.0 87314d24 20250
0.0 87314d24 20245
0.0 87314d24 20244
0.0 87314d24 20243
0.0 87314d24 20235
0.0 87314d24 20226
0.0 87314d24 20224
0.0 87314d24 20213
0.0 87314d24 20209
0.0 87314d24 20208
0.0 87314d24 20206
0.0 87314d24 20204
0.0 87314d24 20202
0.0 87314d24 20201
0.0 87314d24 20195
0.0 87314d24 20194
0.0 87314d24 20191
0.0 87314d24 20190
0.0 87314d24 20186
0.0 87314d24 20183
0.0 87314d24 20181
0.0 87314d24 20180
0.0 87314d24 20174
0.0 87314d24 20173
0.0 87314d24 20163
0.0 87314d24 20160
0.0 87314d24 20157
0.0 87314d24 20156
0.0 87314d24 20148
0.0 87314d24 20147
0.0 87314d24 20146
0.0 87314d24 20139
0.0 87314d24 20132
0.0 87314d24 20127
0.0 87314d24 20121
0.0 87314d24 20109
0.0 87314d24 20107
0.0 87314d24 20093
0.0 87314d24 20087
0.0 87314d24 20087
0.0 87314d24 20086
0.0 87314d24 20086
0.0 87314d24 20085
0.0 87314d24 20077
0.0 87314d24 20076
0.0 87314d24 20068
0.0 87314d24 20067
0.0 87314d24 20052
0.0 87314d24 20035
0.0 87314d24 20034
0.0 87314d24 20033
0.0 87314d24 20028
0.0 87314d24 20020
0.0 87314d24 20018
0.0 87314d24 20013
0.0 87314d24 20010
0.0 87314d24 20005
0.0 87314d24 20001
0.0 87314d24 19998
0.0 87314d24 19990
0.0 87314d24 19983
0.0 87314d24 19981
0.0 87314d24 19967
0.0 87314d24 19965
0.0 87314d24 19965
0.0 87314d24 19959
0.0 87314d24 19958
0.0 87314d24 19957
0.0 87314d24 19954
0.0 87314d24 19950
0.0 87314d24 19935
0.0 87314d24 19930
0.0 87314d24 19929
0.0 87314d24 19926
0.0 87314d24 19923
0.0 87314d24 19920
0.0 87314d24 19919
0.0 87314d24 19918
0.0 87314d24 19917
0.0 87314d24 19912
0.0 87314d24 19910
0.0 87314d24 19905
0.0 87314d24 19904
0.0 87314d24 19901
0.0 87314d24 19900
0.0 87314d24 19892
0.0 87314d24 19890
0.0 87314d24 19883
0.0 87314d24 19875
0.0 87314d24 19874
0.0 87314d24 19872
0.0 87314d24 19868
0.0 87314d24 19865
0.0 87314d24 19861
0.0 87314d24 19860
0.0 87314d24 19859
0.0 87314d24 19856
0.0 87314d24 19844
0.0 87314d24 19843
0.0 87314d24 19841
0.0 87314d24 19839
0.0 87314d24 19836
0.0 87314d24 19833
0.0 87314d24 19820
0.0 87314d24 19819
0.0 87314d24 19818
0.0 87314d24 19817
0.0 87314d24 19816
0.0 87314d24 19811
0.0 87314d24 19799
0.0 87314d24 19796
0.0 87314d24 19785
0.0 87314d24 19784
0.0 87314d24 19779
0.0 87314d24 19762
0.0 87314d24 19761
0.0 87314d24 19760
0.0 87314d24 19756
0.0 87314d24 19751
0.0 87314d24 19746
0.0 87314d24 19739
0.0 87314d24 19738
0.0 87314d24 19736
0.0 87314d24 19735
0.0 87314d24 19731
0.0 87314d24 19729
0.0 87314d24 19725
0.0 87314d24 19700
0.0 87314d24 19697
0.0 87314d24 19695
0.0 87314d24 19694
0.0 87314d24 19688
0.0 87314d24 19686
0.0 87314d24 19678
0.0 87314d24 19675
0.0 87314d24 19674
0.0 87314d24 19671
0.0 87314d24 19665
0.0 87314d24 19660
0.0 87314d24 19652
0.0 87314d24 19651
0.0 87314d24 19648
0.0 87314d24 19647
0.0 87314d24 19636
0.0 87314d24 19635
0.0 87314d24 19632
0.0 87314d24 19606
0.0 87314d24 19603
0.0 87314d24 19600
0.0 87314d24 19598
0.0 87314d24 19597
0.0 87314d24 19585
0.0 87314d24 19583
0.0 87314d24 19581
0.0 87314d24 19576
0.0 87314d24 19550
0.0 87314d24 19548
0.0 87314d24 19547
0.0 87314d24 19536
0.0 87314d24 19528
0.0 87314d24 19525
0.0 87314d24 19516
0.0 87314d24 19515
0.0 87314d24 19511
0.0 87314d24 19505
0.0 87314d24 19501
0.0 87314d24 19500
0.0 87314d24 19481
0.0 87314d24 19480
0.0 87314d24 19473
0.0 87314d24 19472
0.0 87314d24 19470
0.0 87314d24 19464
0.0 87314d24 19454
0.0 87314d24 19453
0.0 87314d24 19450
0.0 87314d24 19446
0.0 87314d24 19445
0.0 87314d24 19441
0.0 87314d24 19440
0.0 87314d24 19439
0.0 87314d24 19429
0.0 87314d24 19421
0.0 87314d24 19419
0.0 87314d24 19411
0.0 87314d24 19407
0.0 87314d24 19406
0.0 87314d24 19404
0.0 87314d24 19401
0.0 87314d24 19398
0.0 87314d24 19394
0.0 87314d24 19393
0.0 87314d24 19392
0.0 87314d24 19391
0.0 87314d24 19390
0.0 87314d24 19370
0.0 87314d24 19366
0.0 87314d24 19361
0.0 87314d24 19359
0.0 87314d24 19352
0.0 87314d24 19348
0.0 87314d24 19347
0.0 87314d24 19342
0.0 87314d24 19335
0.0 87314d24 19332
0.0 87314d24 19327
0.0 87314d24 19322
0.0 87314d24 19317
0.0 87314d24 19311
0.0 87314d24 19310
0.0 87314d24 19308
0.0 87314d24 19300
0.0 87314d24 19300
0.0 87314d24 19292
0.0 87314d24 19287
0.0 87314d24 19285
0.0 87314d24 19284
0.0 87314d24 19282
0.0 87314d24 19278
0.0 87314d24 19277
0.0 87314d24 19276
0.0 87314d24 19275
0.0 87314d24 19274
0.0 87314d24 19273
0.0 87314d24 19269
0.0 87314d24 19268
0.0 87314d24 19255
0.0 87314d24 19251
0.0 87314d24 19241
0.0 87314d24 19240
0.0 87314d24 19237
0.0 87314d24 19236
0.0 87314d24 19234
0.0 87314d24 19233
0.0 87314d24 19218
0.0 87314d24 19216
0.0 87314d24 19213
0.0 87314d24 19211
0.0 87314d24 19205
0.0 87314d24 19203
0.0 87314d24 19201
0.0 87314d24 19199
0.0 87314d24 19182
0.0 87314d24 19181
0.0 87314d24 19179
0.0 87314d24 19178
0.0 87314d24 19176
0.0 87314d24 19166
0.0 87314d24 19164
0.0 87314d24 19158
0.0 87314d24 19136
0.0 87314d24 19134
0.0 87314d24 19130
0.0 87314d24 19117
0.0 87314d24 19093
0.0 87314d24 19081
0.0 87314d24 19072
0.0 87314d24 19058
0.0 87314d24 19056
0.0 87314d24 19049
0.0 87314d24 19048
0.0 87314d24 19045
0.0 87314d24 19044
0.0 87314d24 19038
0.0 87314d24 19033
0.0 87314d24 19030
0.0 87314d24 19029
0.0 87314d24 19023
0.0 87314d24 19022
0.0 87314d24 19021
0.0 87314d24 19007
0.0 87314d24 19004
0.0 87314d24 18997
0.0 87314d24 18996
0.0 87314d24 18995
0.0 87314d24 18990
0.0 87314d24 18976
0.0 87314d24 18975
0.0 87314d24 18967
0.0 87314d24 18942
0.0 87314d24 18941
0.0 87314d24 18929
0.0 87314d24 18928
0.0 87314d24 18926
0.0 87314d24 18924
0.0 87314d24 18920
0.0 87314d24 18918
0.0 87314d24 18913
0.0 87314d24 18907
0.0 87314d24 18906
0.0 87314d24 18904
0.0 87314d24 18903
0.0 87314d24 18902
0.0 87314d24 18899
0.0 87314d24 18892
0.0 87314d24 18891
0.0 87314d24 18881
0.0 87314d24 18879
0.0 87314d24 18875
0.0 87314d24 18874
0.0 87314d24 18873
0.0 87314d24 18868
0.0 87314d24 18865
0.0 87314d24 18862
0.0 87314d24 18861
0.0 87314d24 18860
0.0 87314d24 18858
0.0 87314d24 18856
0.0 87314d24 18852
0.0 87314d24 18848
0.0 87314d24 18847
0.0 87314d24 18842
0.0 87314d24 18841
0.0 87314d24 18832
0.0 87314d24 18816
0.0 87314d24 18812
0.0 87314d24 18808
0.0 87314d24 18805
0.0 87314d24 18803
0.0 87314d24 18799
0.0 87314d24 18794
0.0 87314d24 18791
0.0 87314d24 18789
0.0 87314d24 18779
0.0 87314d24 18777
0.0 87314d24 18774
0.0 87314d24 18773
0.0 87314d24 18766
0.0 87314d24 18758
0.0 87314d24 18747
0.0 87314d24 18739
0.0 87314d24 18737
0.0 87314d24 18731
0.0 87314d24 18730
0.0 87314d24 18725
0.0 87314d24 18722
0.0 87314d24 18719
0.0 87314d24 18717
0.0 87314d24 18709
0.0 87314d24 18701
0.0 87314d24 18699
0.0 87314d24 18698
0.0 87314d24 18684
0.0 87314d24 18679
0.0 87314d24 18674
0.0 87314d24 18671
0.0 87314d24 18670
0.0 87314d24 18666
0.0 87314d24 18660
0.0 87314d24 18657
0.0 87314d24 18654
0.0 87314d24 18647
0.0 87314d24 18646
0.0 87314d24 18641
0.0 87314d24 18638
0.0 87314d24 18634
0.0 87314d24 18633
0.0 87314d24 18632
0.0 87314d24 18630
0.0 87314d24 18629
0.0 87314d24 18626
0.0 87314d24 18624
0.0 87314d24 18622
0.0 87314d24 18615
0.0 87314d24 18614
0.0 87314d24 18605
0.0 87314d24 18595
0.0 87314d24 18593
0.0 87314d24 18592
0.0 87314d24 18591
0.0 87314d24 18587
0.0 87314d24 18581
0.0 87314d24 18576
0.0 87314d24 18575
0.0 87314d24 18573
0.0 87314d24 18555
0.0 87314d24 18554
0.0 87314d24 18552
0.0 87314d24 18545
0.0 87314d24 18541
0.0 87314d24 18539
0.0 87314d24 18533
0.0 87314d24 18531
0.0 87314d24 18524
0.0 87314d24 18523
0.0 87314d24 18520
0.0 87314d24 18514
0.0 87314d24 18512
0.0 87314d24 18511
0.0 87314d24 18510
0.0 87314d24 18507
0.0 87314d24 18503
0.0 87314d24 18502
0.0 87314d24 18499
0.0 87314d24 18496
0.0 87314d24 18494
0.0 87314d24 18483
0.0 87314d24 18481
0.0 87314d24 18480
0.0 87314d24 18470
0.0 87314d24 18469
0.0 87314d24 18467
0.0 87314d24 18465
0.0 87314d24 18462
0.0 87314d24 18458
0.0 87314d24 18453
0.0 87314d24 18446
0.0 87314d24 18444
0.0 87314d24 18432
0.0 87314d24 18429
0.0 87314d24 18425
0.0 87314d24 18424
0.0 87314d24 18417
0.0 87314d24 18416
0.0 87314d24 18413
0.0 87314d24 18410
0.0 87314d24 18401
0.0 87314d24 18400
0.0 87314d24 18399
0.0 87314d24 18398
0.0 87314d24 18397
0.0 87314d24 18395
0.0 87314d24 18394
0.0 87314d24 18381
0.0 87314d24 18380
0.0 87314d24 18376
0.0 87314d24 18373
0.0 87314d24 18371
0.0 87314d24 18370
0.0 87314d24 18369
0.0 87314d24 18368
0.0 87314d24 18367
0.0 87314d24 18366
0.0 87314d24 18365
0.0 87314d24 18364
0.0 87314d24 18362
0.0 87314d24 18361
0.0 87314d24 18360
0.0 87314d24 18357
0.0 87314d24 18353
0.0 87314d24 18351
0.0 87314d24 18347
0.0 87314d24 18337
0.0 87314d24 18331
0.0 87314d24 18326
0.0 87314d24 18323
0.0 87314d24 18318
0.0 87314d24 18311
0.0 87314d24 18305
0.0 87314d24 18296
0.0 87314d24 18284
0.0 87314d24 18283
0.0 87314d24 18282
0.0 87314d24 18269
0.0 87314d24 18263
0.0 87314d24 18260
0.0 87314d24 18258
0.0 87314d24 18254
0.0 87314d24 18252
0.0 87314d24 18251
0.0 87314d24 18250
0.0 87314d24 18247
0.0 87314d24 18241
0.0 87314d24 18241
0.0 87314d24 18236
0.0 87314d24 18230
0.0 87314d24 18215
0.0 87314d24 18213
0.0 87314d24 18211
0.0 87314d24 18206
0.0 87314d24 18204
0.0 87314d24 18202
0.0 87314d24 18199
0.0 87314d24 18198
0.0 87314d24 18195
0.0 87314d24 18190
0.0 87314d24 18188
0.0 87314d24 18180
0.0 87314d24 18179
0.0 87314d24 18178
0.0 87314d24 18175
0.0 87314d24 18161
0.0 87314d24 18159
0.0 87314d24 18154
0.0 87314d24 18151
0.0 87314d24 18147
0.0 87314d24 18142
0.0 87314d24 18141
0.0 87314d24 18136
0.0 87314d24 18129
0.0 87314d24 18127
0.0 87314d24 18109
0.0 87314d24 18103
0.0 87314d24 18103
0.0 87314d24 18100
0.0 87314d24 18099
0.0 87314d24 18096
0.0 87314d24 18094
0.0 87314d24 18086
0.0 87314d24 18081
0.0 87314d24 18080
0.0 87314d24 18077
0.0 87314d24 18074
0.0 87314d24 18071
0.0 87314d24 18069
0.0 87314d24 18069
0.0 87314d24 18062
0.0 87314d24 18057
0.0 87314d24 18056
0.0 87314d24 18052
0.0 87314d24 18050
0.0 87314d24 18048
0.0 87314d24 18041
0.0 87314d24 18034
0.0 87314d24 18033
0.0 87314d24 18019
0.0 87314d24 18013
0.0 87314d24 18011
0.0 87314d24 18006
0.0 87314d24 17997
0.0 87314d24 17988
0.0 87314d24 17986
0.0 87314d24 17984
0.0 87314d24 17981
0.0 87314d24 17980
0.0 87314d24 17975
0.0 87314d24 17974
0.0 87314d24 17973
0.0 87314d24 17972
0.0 87314d24 17967
0.0 87314d24 17954
0.0 87314d24 17946
0.0 87314d24 17945
0.0 87314d24 17943
0.0 87314d24 17936
0.0 87314d24 17935
0.0 87314d24 17931
0.0 87314d24 17925
0.0 87314d24 17920
0.0 87314d24 17919
0.0 87314d24 17918
0.0 87314d24 17917
0.0 87314d24 17912
0.0 87314d24 17902
0.0 87314d24 17901
0.0 87314d24 17899
0.0 87314d24 17898
0.0 87314d24 17897
0.0 87314d24 17893
0.0 87314d24 17892
0.0 87314d24 17891
0.0 87314d24 17890
0.0 87314d24 17884
0.0 87314d24 17873
0.0 87314d24 17872
0.0 87314d24 17870
0.0 87314d24 17868
0.0 87314d24 17865
0.0 87314d24 17862
0.0 87314d24 17859
0.0 87314d24 17850
0.0 87314d24 17848
0.0 87314d24 17845
0.0 87314d24 17843
0.0 87314d24 17838
0.0 87314d24 17833
0.0 87314d24 17828
0.0 87314d24 17823
0.0 87314d24 17821
0.0 87314d24 17812
0.0 87314d24 17808
0.0 87314d24 17795
0.0 87314d24 17792
0.0 87314d24 17791
0.0 87314d24 17788
0.0 87314d24 17785
0.0 87314d24 17783
0.0 87314d24 17769
0.0 87314d24 17764
0.0 87314d24 17763
0.0 87314d24 17760
0.0 87314d24 17756
0.0 87314d24 17754
0.0 87314d24 17746
0.0 87314d24 17741
0.0 87314d24 17739
0.0 87314d24 17738
0.0 87314d24 17730
0.0 87314d24 17729
0.0 87314d24 17726
0.0 87314d24 17718
0.0 87314d24 17714
0.0 87314d24 17710
0.0 87314d24 17709
0.0 87314d24 17707
0.0 87314d24 17706
0.0 87314d24 17705
0.0 87314d24 17698
0.0 87314d24 17692
0.0 87314d24 17690
0.0 87314d24 17686
0.0 87314d24 17678
0.0 87314d24 17677
0.0 87314d24 17676
0.0 87314d24 17674
0.0 87314d24 17673
0.0 87314d24 17668
0.0 87314d24 17653
0.0 87314d24 17651
0.0 87314d24 17650
0.0 87314d24 17646
0.0 87314d24 17643
0.0 87314d24 17642
0.0 87314d24 17632
0.0 87314d24 17630
0.0 87314d24 17628
0.0 87314d24 17626
0.0 87314d24 17623
0.0 87314d24 17622
0.0 87314d24 17619
0.0 87314d24 17608
0.0 87314d24 17607
0.0 87314d24 17601
0.0 87314d24 17599
0.0 87314d24 17598
0.0 87314d24 17595
0.0 87314d24 17592
0.0 87314d24 17591
0.0 87314d24 17589
0.0 87314d24 17582
0.0 87314d24 17581
0.0 87314d24 17575
0.0 87314d24 17571
0.0 87314d24 17565
0.0 87314d24 17562
0.0 87314d24 17554
0.0 87314d24 17553
0.0 87314d24 17547
0.0 87314d24 17546
0.0 87314d24 17542
0.0 87314d24 17541
0.0 87314d24 17538
0.0 87314d24 17515
0.0 87314d24 17514
0.0 87314d24 17507
0.0 87314d24 17504
0.0 87314d24 17498
0.0 87314d24 17497
0.0 87314d24 17492
0.0 87314d24 17491
0.0 87314d24 17487
0.0 87314d24 17486
0.0 87314d24 17481
0.0 87314d24 17479
0.0 87314d24 17478
0.0 87314d24 17471
0.0 87314d24 17461
0.0 87314d24 17459
0.0 87314d24 17448
0.0 87314d24 17443
0.0 87314d24 17442
0.0 87314d24 17439
0.0 87314d24 17434
0.0 87314d24 17429
0.0 87314d24 17425
0.0 87314d24 17421
0.0 87314d24 17418
0.0 87314d24 17417
0.0 87314d24 17415
0.0 87314d24 17413
0.0 87314d24 17411
0.0 87314d24 17404
0.0 87314d24 17401
0.0 87314d24 17400
0.0 87314d24 17399
0.0 87314d24 17398
0.0 87314d24 17396
0.0 87314d24 17395
0.0 87314d24 17389
0.0 87314d24 17376
0.0 87314d24 17368
0.0 87314d24 17365
0.0 87314d24 17357
0.0 87314d24 17345
0.0 87314d24 17331
0.0 87314d24 17329
0.0 87314d24 17327
0.0 87314d24 17324
0.0 87314d24 17322
0.0 87314d24 17318
0.0 87314d24 17317
0.0 87314d24 17311
0.0 87314d24 17310
0.0 87314d24 17308
0.0 87314d24 17305
0.0 87314d24 17304
0.0 87314d24 17303
0.0 87314d24 17302
0.0 87314d24 17299
0.0 87314d24 17297
0.0 87314d24 17295
0.0 87314d24 17294
0.0 87314d24 17293
0.0 87314d24 17287
0.0 87314d24 17280
0.0 87314d24 17279
0.0 87314d24 17263
0.0 87314d24 17254
0.0 87314d24 17250
0.0 87314d24 17240
0.0 87314d24 17238
0.0 87314d24 17236
0.0 87314d24 17234
0.0 87314d24 17231
0.0 87314d24 17230
0.0 87314d24 17226
0.0 87314d24 17225
0.0 87314d24 17222
0.0 87314d24 17219
0.0 87314d24 17215
0.0 87314d24 17211
0.0 87314d24 17209
0.0 87314d24 17205
0.0 87314d24 17204
0.0 87314d24 17202
0.0 87314d24 17200
0.0 87314d24 17190
0.0 87314d24 17186
0.0 87314d24 17183
0.0 87314d24 17181
0.0 87314d24 17176
0.0 87314d24 17175
0.0 87314d24 17171
0.0 87314d24 17169
0.0 87314d24 17168
0.0 87314d24 17165
0.0 87314d24 17164
0.0 87314d24 17158
0.0 87314d24 17155
0.0 87314d24 17154
0.0 87314d24 17150
0.0 87314d24 17136
0.0 87314d24 17135
0.0 87314d24 17133
0.0 87314d24 17128
0.0 87314d24 17124
0.0 87314d24 17123
0.0 87314d24 17118
0.0 87314d24 17113
0.0 87314d24 17112
0.0 87314d24 17110
0.0 87314d24 17106
0.0 87314d24 17100
0.0 87314d24 17082
0.0 87314d24 17080
0.0 87314d24 17074
0.0 87314d24 17073
0.0 87314d24 17066
0.0 87314d24 17065
0.0 87314d24 17041
0.0 87314d24 17033
0.0 87314d24 17032
0.0 87314d24 17031
0.0 87314d24 17030
0.0 87314d24 17029
0.0 87314d24 17028
0.0 87314d24 17027
0.0 87314d24 17025
0.0 87314d24 17022
0.0 87314d24 17016
0.0 87314d24 17015
0.0 87314d24 17007
0.0 87314d24 17005
0.0 87314d24 17001
0.0 87314d24 16991
0.0 87314d24 16983
0.0 87314d24 16976
0.0 87314d24 16975
0.0 87314d24 16974
0.0 87314d24 16972
0.0 87314d24 16969
0.0 87314d24 16963
0.0 87314d24 16962
0.0 87314d24 16957
0.0 87314d24 16955
0.0 87314d24 16948
0.0 87314d24 16944
0.0 87314d24 16943
0.0 87314d24 16942
0.0 87314d24 16931
0.0 87314d24 16924
0.0 87314d24 16922
0.0 87314d24 16917
0.0 87314d24 16915
0.0 87314d24 16913
0.0 87314d24 16911
0.0 87314d24 16905
0.0 87314d24 16904
0.0 87314d24 16900
0.0 87314d24 16892
0.0 87314d24 16889
0.0 87314d24 16887
0.0 87314d24 16886
0.0 87314d24 16883
0.0 87314d24 16875
0.0 87314d24 16866
0.0 87314d24 16865
0.0 87314d24 16860
0.0 87314d24 16842
0.0 87314d24 16838
0.0 87314d24 16836
0.0 87314d24 16833
0.0 87314d24 16822
0.0 87314d24 16821
0.0 87314d24 16820
0.0 87314d24 16818
0.0 87314d24 16813
0.0 87314d24 16806
0.0 87314d24 16804
0.0 87314d24 16793
0.0 87314d24 16792
0.0 87314d24 16789
0.0 87314d24 16783
0.0 87314d24 16775
0.0 87314d24 16774
0.0 87314d24 16770
0.0 87314d24 16768
0.0 87314d24 16767
0.0 87314d24 16764
0.0 87314d24 16756
0.0 87314d24 16751
0.0 87314d24 16747
0.0 87314d24 16744
0.0 87314d24 16741
0.0 87314d24 16734
0.0 87314d24 16722
0.0 87314d24 16716
0.0 87314d24 16714
0.0 87314d24 16709
0.0 87314d24 16705
0.0 87314d24 16703
0.0 87314d24 16693
0.0 87314d24 16688
0.0 87314d24 16686
0.0 87314d24 16682
0.0 87314d24 16680
0.0 87314d24 16659
0.0 87314d24 16658
0.0 87314d24 16648
0.0 87314d24 16645
0.0 87314d24 16640
0.0 87314d24 16636
0.0 87314d24 16608
0.0 87314d24 16603
0.0 87314d24 16600
0.0 87314d24 16593
0.0 87314d24 16592
0.0 87314d24 16591
0.0 87314d24 16587
0.0 87314d24 16586
0.0 87314d24 16578
0.0 87314d24 16569
0.0 87314d24 16568
0.0 87314d24 16567
0.0 87314d24 16563
0.0 87314d24 16561
0.0 87314d24 16558
0.0 87314d24 16557
0.0 87314d24 16532
0.0 87314d24 16531
0.0 87314d24 16524
0.0 87314d24 16521
0.0 87314d24 16518
0.0 87314d24 16515
0.0 87314d24 16513
0.0 87314d24 16508
0.0 87314d24 16503
0.0 87314d24 16502
0.0 87314d24 16497
0.0 87314d24 16495
0.0 87314d24 16485
0.0 87314d24 16483
0.0 87314d24 16481
0.0 87314d24 16477
0.0 87314d24 16473
0.0 87314d24 16471
0.0 87314d24 16466
0.0 87314d24 16461
0.0 87314d24 16444
0.0 87314d24 16443
0.0 87314d24 16441
0.0 87314d24 16433
0.0 87314d24 16425
0.0 87314d24 16423
0.0 87314d24 16422
0.0 87314d24 16420
0.0 87314d24 16418
0.0 87314d24 16417
0.0 87314d24 16409
0.0 87314d24 16403
0.0 87314d24 16396
0.0 87314d24 16395
0.0 87314d24 16393
0.0 87314d24 16391
0.0 87314d24 16385
0.0 87314d24 16384
0.0 87314d24 16383
0.0 87314d24 16382
0.0 87314d24 16381
0.0 87314d24 16378
0.0 87314d24 16375
0.0 87314d24 16367
0.0 87314d24 16362
0.0 87314d24 16344
0.0 87314d24 16343
0.0 87314d24 16340
0.0 87314d24 16339
0.0 87314d24 16337
0.0 87314d24 16335
0.0 87314d24 16318
0.0 87314d24 16316
0.0 87314d24 16315
0.0 87314d24 16311
0.0 87314d24 16309
0.0 87314d24 16292
0.0 87314d24 16291
0.0 87314d24 16289
0.0 87314d24 16275
0.0 87314d24 16268
0.0 87314d24 16258
0.0 87314d24 16252
0.0 87314d24 16251
0.0 87314d24 16240
0.0 87314d24 16228
0.0 87314d24 16227
0.0 87314d24 16225
0.0 87314d24 16217
0.0 87314d24 16216
0.0 87314d24 16215
0.0 87314d24 16212
0.0 87314d24 16210
0.0 87314d24 16209
0.0 87314d24 16208
0.0 87314d24 16201
0.0 87314d24 16199
0.0 87314d24 16175
0.0 87314d24 16174
0.0 87314d24 16145
0.0 87314d24 16137
0.0 87314d24 16135
0.0 87314d24 16130
0.0 87314d24 16122
0.0 87314d24 16120
0.0 87314d24 16119
0.0 87314d24 16078
0.0 87314d24 16077
0.0 87314d24 16076
0.0 87314d24 16074
0.0 87314d24 16069
0.0 87314d24 16068
0.0 87314d24 16050
0.0 87314d24 16033
0.0 87314d24 16029
0.0 87314d24 16021
0.0 87314d24 16019
0.0 87314d24 16016
0.0 87314d24 16002
0.0 87314d24 15985
0.0 87314d24 15971
0.0 87314d24 15949
0.0 87314d24 15942
0.0 87314d24 15939
0.0 87314d24 15938
0.0 87314d24 15935
0.0 87314d24 15934
0.0 87314d24 15924
0.0 87314d24 15911
0.0 87314d24 15908
0.0 87314d24 15903
0.0 87314d24 15892
0.0 87314d24 15886
0.0 87314d24 15881
0.0 87314d24 15879
0.0 87314d24 15874
0.0 87314d24 15871
0.0 87314d24 15870
0.0 87314d24 15836
0.0 87314d24 15828
0.0 87314d24 15827
0.0 87314d24 15814
0.0 87314d24 15812
0.0 87314d24 15803
0.0 87314d24 15790
0.0 87314d24 15764
0.0 87314d24 15722
0.0 87314d24 15697
0.0 87314d24 15656
0.0 87314d24 15575
0.0 87314d24 15566
0.0 87314d24 15521
0.0 87314d24 15520
0.0 87314d24 15518
0.0 87314d24 15511
0.0 87314d24 15505
0.0 87314d24 15499
0.0 87314d24 15487
0.0 87314d24 15485
0.0 87314d24 15469
0.0 87314d24 15461
0.0 87314d24 15458
0.0 87314d24 15437
0.0 87314d24 15432
0.0 87314d24 15417
0.0 87314d24 15402
0.0 87314d24 15358
0.0 87314d24 15340
0.0 87314d24 15308
0.0 87314d24 15283
0.0 87314d24 15279
0.0 87314d24 15163
0.0 87314d24 15159
0.0 87314d24 15158
0.0 87314d24 15120
0.0 87314d24 15109
0.0 87314d24 15057
0.0 87314d24 15029
0.0 87314d24 14971
0.0 87314d24 14970
0.0 87314d24 14929
0.0 87314d24 14900
0.0 87314d24 14889
0.0 87314d24 14819
0.0 87314d24 14765
0.0 87314d24 14749
0.0 87314d24 14650
0.0 87314d24 14647
0.0 87314d24 14636
0.0 87314d24 14586
0.0 87314d24 14584
0.0 87314d24 14582
0.0 87314d24 14542
0.0 87314d24 14471
0.0 87314d24 14432
0.0 87314d24 14419
0.0 87314d24 14388
0.0 87314d24 14357
0.0 87314d24 14340
0.0 87314d24 14308
0.0 87314d24 14214
0.0 87314d24 14187
0.0 87314d24 14181
0.0 87314d24 14126
0.0 87314d24 14019
0.0 87314d24 14009
0.0 87314d24 13982
0.0 87314d24 13968
0.0 87314d24 13960
0.0 87314d24 13799
0.0 87314d24 13762
0.0 87314d24 13756
0.0 87314d24 13755
0.0 87314d24 13749
0.0 87314d24 13640
0.0 87314d24 13402
0.0 87314d24 13288
0.0 87314d24 13207
0.0 87314d24 13143
0.0 87314d24 13091
0.0 87314d24 13058
0.0 87314d24 13054
0.0 87314d24 12959
0.0 87314d24 12850
0.0 87314d24 12845
0.0 87314d24 12826
0.0 87314d24 12507
0.0 87314d24 12330
0.0 87314d24 12321
0.0 87314d24 12313
0.0 87314d24 12312
0.0 87314d24 12266
0.0 87314d24 12128
0.0 87314d24 12110
0.0 87314d24 11944
0.0 87314d24 11651
0.0 87314d24 11489
0.0 87314d24 11473
0.0 87314d24 11464
0.0 87314d24 10816
0.0 87314d24 10760
0.0 87314d24 10751
0.0 87314d24 10693
0.0 87314d24 10509
0.0 87314d24 10483
0.0 87314d24 10396
0.0 87314d24 10378
0.0 87314d24 10377
0.0 87314d24 10376
0.0 87314d24 9384
0.0 87314d24 8835
0.0 87314d24 7157

