0.23033445 46e14174 17190
0.21394566 46e14174 22284
0.18885091 46e14174 16145
0.1862511 46e14174 17155
0.18072844 46e14174 19391
0.15099445 46e14174 22214
0.12861498 46e14174 20098
0.1141462 46e14174 18651
0.108879164 46e14174 21707
0.10796256 46e14174 10441
0.10586981 46e14174 19299
0.09146269 46e14174 20556
0.09115067 46e14174 18905
0.09033061 46e14174 17030
0.08631523 46e14174 17176
0.08524702 46e14174 21706
0.081681535 46e14174 17110
0.079177305 46e14174 16889
0.077657446 46e14174 21579
0.07736093 46e14174 17741
0.076457165 46e14174 17168
0.07159283 46e14174 20123
0.06989765 46e14174 20519
0.06947709 46e14174 14713
0.06760476 46e14174 17113
0.06615644 46e14174 17460
0.06550736 46e14174 18081
0.06539872 46e14174 20848
0.06524288 46e14174 16883
0.063590914 46e14174 16892
0.061755642 46e14174 20206
0.06163487 46e14174 17175
0.061463825 46e14174 16962
0.06047646 46e14174 21982
0.05928263 46e14174 17019
0.056677215 46e14174 15848
0.055591147 46e14174 19433
0.055184927 46e14174 21576
0.05476899 46e14174 17821
0.05359133 46e14174 16972
0.053550985 46e14174 20770
0.053509675 46e14174 17136
0.053076364 46e14174 19656
0.052497383 46e14174 18062
0.05175342 46e14174 17164
0.05163568 46e14174 17412
0.04983965 46e14174 18077
0.04972681 46e14174 17865
0.049028877 46e14174 19367
0.04898234 46e14174 17154
0.04881993 46e14174 17630
0.04867561 46e14174 19314
0.048180614 46e14174 20195
0.048038743 46e14174 19960
0.047698133 46e14174 17421
0.047442153 46e14174 17413
0.04691147 46e14174 17145
0.04635085 46e14174 17646
0.045192935 46e14174 18071
0.045166887 46e14174 18628
0.045166887 46e14174 18627
0.044604495 46e14174 18699
0.044203967 46e14174 18624
0.044203967 46e14174 18595
0.044203967 46e14174 18593
0.044203967 46e14174 18592
0.04400631 46e14174 20298
0.043520387 46e14174 18143
0.04339552 46e14174 21300
0.04337213 46e14174 20501
0.043300122 46e14174 19998
0.042705625 46e14174 17739
0.041095484 46e14174 22258
0.040988006 46e14174 17642
0.040796157 46e14174 17718
0.04070259 46e14174 14542
0.04069636 46e14174 17862
0.04005848 46e14174 20516
0.039607164 46e14174 20441
0.039350778 46e14174 20547
0.039045792 46e14174 16443
0.03900349 46e14174 20737
0.038444784 46e14174 18575
0.0382954 46e14174 19863
0.038183145 46e14174 16801
0.038045753 46e14174 16911
0.03761138 46e14174 19499
0.037203897 46e14174 17029
0.03710578 46e14174 16767
0.03645757 46e14174 16253
0.036053468 46e14174 17967
0.035155557 46e14174 18523
0.034810342 46e14174 20892
0.03467866 46e14174 21404
0.03446227 46e14174 16521
0.03443647 46e14174 22039
0.03397413 46e14174 16512
0.033964206 46e14174 20222
0.03384469 46e14174 22240
0.033707686 46e14174 18793
0.0336942 46e14174 19774
0.033160627 46e14174 17429
0.032892186 46e14174 19400
0.032809343 46e14174 20175
0.032784507 46e14174 18320
0.032349486 46e14174 16279
0.032143846 46e14174 20151
0.032142293 46e14174 18876
0.032075632 46e14174 17842
0.032070916 46e14174 17489
0.031873852 46e14174 21274
0.031705104 46e14174 18451
0.03166211 46e14174 15029
0.031493388 46e14174 20409
0.030550735 46e14174 17124
0.030393897 46e14174 14356
0.030070605 46e14174 21295
0.030038627 46e14174 19386
0.029945968 46e14174 18673
0.029921865 46e14174 20786
0.029752102 46e14174 16711
0.029660461 46e14174 17782
0.029536493 46e14174 17676
0.029446842 46e14174 21411
0.029298786 46e14174 22434
0.029266808 46e14174 18701
0.029252393 46e14174 17805
0.02885218 46e14174 17606
0.028271664 46e14174 22082
0.028151328 46e14174 17034
0.027922176 46e14174 13756
0.027870031 46e14174 22102
0.027836055 46e14174 20196
0.02782322 46e14174 17248
0.027745971 46e14174 15214
0.027663535 46e14174 17249
0.027578969 46e14174 18609
0.027535731 46e14174 19654
0.027518546 46e14174 19009
0.027417708 46e14174 12305
0.027372457 46e14174 20762
0.027055087 46e14174 12850
0.027005192 46e14174 17710
0.026974559 46e14174 16336
0.0268419 46e14174 20979
0.026582582 46e14174 14026
0.02623679 46e14174 17581
0.026217287 46e14174 15999
0.025854057 46e14174 19090
0.02574838 46e14174 20251
0.025717795 46e14174 14678
0.025667308 46e14174 16980
0.025438473 46e14174 13755
0.025346454 46e14174 16308
0.025184313 46e14174 19427
0.024646744 46e14174 19483
0.024302265 46e14174 16292
0.024254704 46e14174 19937
0.024110714 46e14174 19519
0.024062207 46e14174 20186
0.02401487 46e14174 21549
0.023808915 46e14174 19516
0.023340955 46e14174 11210
0.02291397 46e14174 17787
0.022602152 46e14174 21452
0.022602152 46e14174 21451
0.022171581 46e14174 16964
0.022065043 46e14174 20181
0.021977909 46e14174 21455
0.021792205 46e14174 18177
0.021731032 46e14174 18293
0.02158809 46e14174 19815
0.021527505 46e14174 20632
0.021487389 46e14174 21261
0.02129336 46e14174 21189
0.021276098 46e14174 14699
0.021269796 46e14174 15910
0.021179399 46e14174 20137
0.021049459 46e14174 17621
0.020925881 46e14174 21218
0.020907447 46e14174 16469
0.020628756 46e14174 22006
0.020511288 46e14174 18275
0.020252047 46e14174 21188
0.020235308 46e14174 21524
0.020117786 46e14174 19602
0.019731488 46e14174 17320
0.019696118 46e14174 17825
0.019678168 46e14174 15469
0.019655658 46e14174 16913
0.019489402 46e14174 12871
0.019482387 46e14174 15722
0.019443927 46e14174 20180
0.019369792 46e14174 14749
0.019318657 46e14174 21551
0.019249769 46e14174 21533
0.019199828 46e14174 21459
0.0190517 46e14174 19781
0.018432757 46e14174 21550
0.017811736 46e14174 21311
0.017420663 46e14174 20792
0.017278684 46e14174 19249
0.017195301 46e14174 19301
0.017077334 46e14174 22079
0.017028516 46e14174 18861
0.016840791 46e14174 19940
0.01633677 46e14174 18115
0.016071882 46e14174 16618
0.015982965 46e14174 20046
0.015892116 46e14174 18153
0.015887724 46e14174 20557
0.015865125 46e14174 19153
0.01579298 46e14174 11257
0.015763264 46e14174 17857
0.015678892 46e14174 22254
0.015603722 46e14174 17370
0.015527105 46e14174 20832
0.015466854 46e14174 20055
0.015427214 46e14174 16725
0.01530509 46e14174 18939
0.01524677 46e14174 20827
0.015153274 46e14174 16061
0.014762236 46e14174 21726
0.014698064 46e14174 20429
0.014385241 46e14174 21578
0.014244013 46e14174 20830
0.0141753815 46e14174 18079
0.0141412 46e14174 16077
0.014101982 46e14174 20226
0.014049903 46e14174 22411
0.014040498 46e14174 22386
0.014021858 46e14174 16991
0.013935117 46e14174 18922
0.013591142 46e14174 18050
0.013591142 46e14174 18033
0.013553245 46e14174 17026
0.013450905 46e14174 20543
0.013397407 46e14174 14856
0.0133848805 46e14174 17056
0.013380199 46e14174 20628
0.013176057 46e14174 20637
0.013103276 46e14174 20662
0.012845654 46e14174 19517
0.012818786 46e14174 16291
0.012718319 46e14174 22368
0.012676214 46e14174 15796
0.012258779 46e14174 15529
0.011749122 46e14174 20638
0.011672956 46e14174 15108
0.011629682 46e14174 19624
0.011617959 46e14174 15608
0.011468199 46e14174 19850
0.011416018 46e14174 19851
0.011359558 46e14174 18093
0.011204095 46e14174 22150
0.010968359 46e14174 16526
0.010911023 46e14174 21509
0.010789763 46e14174 20405
0.010726076 46e14174 16634
0.010700657 46e14174 19622
0.010694647 46e14174 15913
0.010643502 46e14174 17765
0.010095738 46e14174 16442
0.009986699 46e14174 13359
0.009459208 46e14174 14630
0.0091443295 46e14174 21117
0.009140834 46e14174 16192
0.00878193 46e14174 21897
0.008663448 46e14174 14503
0.008503463 46e14174 16051
0.008309988 46e14174 19961
0.008184498 46e14174 18836
0.008183773 46e14174 21013
0.008153491 46e14174 14844
0.007950677 46e14174 19743
0.007950677 46e14174 19743
0.007815762 46e14174 19320
0.0077660643 46e14174 16355
0.0075627496 46e14174 22268
0.0075196554 46e14174 15854
0.007191779 46e14174 12457
0.0071468162 46e14174 19866
0.0066558463 46e14174 19222
0.0062123667 46e14174 16624
0.005924424 46e14174 19681
0.0054966947 46e14174 13468
0.0053238766 46e14174 11089
0.005051612 46e14174 21953
0.0047311587 46e14174 19990
0.0046191155 46e14174 21147
0.004412877 46e14174 21954
0.004326076 46e14174 21454
0.004032048 46e14174 16925
0.002878919 46e14174 21583
0.0 46e14174 22443
0.0 46e14174 22440
0.0 46e14174 22438
0.0 46e14174 22436
0.0 46e14174 22432
0.0 46e14174 22423
0.0 46e14174 22423
0.0 46e14174 22410
0.0 46e14174 22408
0.0 46e14174 22397
0.0 46e14174 22392
0.0 46e14174 22390
0.0 46e14174 22384
0.0 46e14174 22361
0.0 46e14174 22355
0.0 46e14174 22350
0.0 46e14174 22347
0.0 46e14174 22334
0.0 46e14174 22333
0.0 46e14174 22331
0.0 46e14174 22323
0.0 46e14174 22318
0.0 46e14174 22310
0.0 46e14174 22301
0.0 46e14174 22294
0.0 46e14174 22293
0.0 46e14174 22291
0.0 46e14174 22288
0.0 46e14174 22282
0.0 46e14174 22281
0.0 46e14174 22278
0.0 46e14174 22276
0.0 46e14174 22272
0.0 46e14174 22267
0.0 46e14174 22253
0.0 46e14174 22252
0.0 46e14174 22247
0.0 46e14174 22243
0.0 46e14174 22237
0.0 46e14174 22211
0.0 46e14174 22210
0.0 46e14174 22207
0.0 46e14174 22198
0.0 46e14174 22193
0.0 46e14174 22185
0.0 46e14174 22183
0.0 46e14174 22182
0.0 46e14174 22179
0.0 46e14174 22163
0.0 46e14174 22154
0.0 46e14174 22138
0.0 46e14174 22134
0.0 46e14174 22127
0.0 46e14174 22115
0.0 46e14174 22111
0.0 46e14174 22108
0.0 46e14174 22103
0.0 46e14174 22094
0.0 46e14174 22090
0.0 46e14174 22088
0.0 46e14174 22081
0.0 46e14174 22078
0.0 46e14174 22077
0.0 46e14174 22075
0.0 46e14174 22074
0.0 46e14174 22066
0.0 46e14174 22061
0.0 46e14174 22060
0.0 46e14174 22058
0.0 46e14174 22055
0.0 46e14174 22046
0.0 46e14174 22038
0.0 46e14174 22036
0.0 46e14174 22032
0.0 46e14174 22027
0.0 46e14174 22026
0.0 46e14174 22025
0.0 46e14174 22022
0.0 46e14174 22019
0.0 46e14174 22015
0.0 46e14174 22011
0.0 46e14174 22008
0.0 46e14174 22007
0.0 46e14174 22005
0.0 46e14174 21989
0.0 46e14174 21988
0.0 46e14174 21981
0.0 46e14174 21978
0.0 46e14174 21976
0.0 46e14174 21973
0.0 46e14174 21971
0.0 46e14174 21964
0.0 46e14174 21962
0.0 46e14174 21959
0.0 46e14174 21958
0.0 46e14174 21957
0.0 46e14174 21945
0.0 46e14174 21944
0.0 46e14174 21939
0.0 46e14174 21938
0.0 46e14174 21934
0.0 46e14174 21933
0.0 46e14174 21921
0.0 46e14174 21917
0.0 46e14174 21915
0.0 46e14174 21913
0.0 46e14174 21908
0.0 46e14174 21902
0.0 46e14174 21895
0.0 46e14174 21885
0.0 46e14174 21884
0.0 46e14174 21878
0.0 46e14174 21877
0.0 46e14174 21866
0.0 46e14174 21858
0.0 46e14174 21852
0.0 46e14174 21844
0.0 46e14174 21843
0.0 46e14174 21842
0.0 46e14174 21839
0.0 46e14174 21821
0.0 46e14174 21819
0.0 46e14174 21818
0.0 46e14174 21814
0.0 46e14174 21808
0.0 46e14174 21798
0.0 46e14174 21796
0.0 46e14174 21780
0.0 46e14174 21765
0.0 46e14174 21764
0.0 46e14174 21753
0.0 46e14174 21749
0.0 46e14174 21741
0.0 46e14174 21725
0.0 46e14174 21723
0.0 46e14174 21722
0.0 46e14174 21713
0.0 46e14174 21698
0.0 46e14174 21697
0.0 46e14174 21690
0.0 46e14174 21689
0.0 46e14174 21686
0.0 46e14174 21683
0.0 46e14174 21681
0.0 46e14174 21677
0.0 46e14174 21676
0.0 46e14174 21675
0.0 46e14174 21661
0.0 46e14174 21659
0.0 46e14174 21658
0.0 46e14174 21653
0.0 46e14174 21641
0.0 46e14174 21621
0.0 46e14174 21607
0.0 46e14174 21606
0.0 46e14174 21603
0.0 46e14174 21587
0.0 46e14174 21586
0.0 46e14174 21562
0.0 46e14174 21539
0.0 46e14174 21535
0.0 46e14174 21530
0.0 46e14174 21519
0.0 46e14174 21517
0.0 46e14174 21515
0.0 46e14174 21513
0.0 46e14174 21512
0.0 46e14174 21505
0.0 46e14174 21501
0.0 46e14174 21497
0.0 46e14174 21474
0.0 46e14174 21440
0.0 46e14174 21412
0.0 46e14174 21401
0.0 46e14174 21384
0.0 46e14174 21381
0.0 46e14174 21379
0.0 46e14174 21378
0.0 46e14174 21363
0.0 46e14174 21349
0.0 46e14174 21333
0.0 46e14174 21327
0.0 46e14174 21312
0.0 46e14174 21310
0.0 46e14174 21307
0.0 46e14174 21298
0.0 46e14174 21284
0.0 46e14174 21282
0.0 46e14174 21272
0.0 46e14174 21255
0.0 46e14174 21244
0.0 46e14174 21236
0.0 46e14174 21223
0.0 46e14174 21219
0.0 46e14174 21216
0.0 46e14174 21204
0.0 46e14174 21197
0.0 46e14174 21190
0.0 46e14174 21186
0.0 46e14174 21183
0.0 46e14174 21181
0.0 46e14174 21178
0.0 46e14174 21177
0.0 46e14174 21176
0.0 46e14174 21173
0.0 46e14174 21170
0.0 46e14174 21168
0.0 46e14174 21167
0.0 46e14174 21163
0.0 46e14174 21155
0.0 46e14174 21153
0.0 46e14174 21151
0.0 46e14174 21145
0.0 46e14174 21140
0.0 46e14174 21131
0.0 46e14174 21127
0.0 46e14174 21125
0.0 46e14174 21118
0.0 46e14174 21109
0.0 46e14174 21107
0.0 46e14174 21079
0.0 46e14174 21066
0.0 46e14174 21058
0.0 46e14174 21050
0.0 46e14174 21040
0.0 46e14174 21035
0.0 46e14174 21019
0.0 46e14174 21010
0.0 46e14174 21007
0.0 46e14174 21006
0.0 46e14174 20994
0.0 46e14174 20990
0.0 46e14174 20983
0.0 46e14174 20971
0.0 46e14174 20968
0.0 46e14174 20967
0.0 46e14174 20957
0.0 46e14174 20949
0.0 46e14174 20943
0.0 46e14174 20932
0.0 46e14174 20930
0.0 46e14174 20929
0.0 46e14174 20927
0.0 46e14174 20922
0.0 46e14174 20919
0.0 46e14174 20904
0.0 46e14174 20900
0.0 46e14174 20893
0.0 46e14174 20890
0.0 46e14174 20880
0.0 46e14174 20871
0.0 46e14174 20869
0.0 46e14174 20852
0.0 46e14174 20843
0.0 46e14174 20842
0.0 46e14174 20839
0.0 46e14174 20833
0.0 46e14174 20829
0.0 46e14174 20824
0.0 46e14174 20810
0.0 46e14174 20807
0.0 46e14174 20806
0.0 46e14174 20801
0.0 46e14174 20799
0.0 46e14174 20797
0.0 46e14174 20790
0.0 46e14174 20784
0.0 46e14174 20782
0.0 46e14174 20780
0.0 46e14174 20764
0.0 46e14174 20759
0.0 46e14174 20751
0.0 46e14174 20736
0.0 46e14174 20734
0.0 46e14174 20731
0.0 46e14174 20708
0.0 46e14174 20680
0.0 46e14174 20669
0.0 46e14174 20664
0.0 46e14174 20654
0.0 46e14174 20651
0.0 46e14174 20639
0.0 46e14174 20629
0.0 46e14174 20624
0.0 46e14174 20621
0.0 46e14174 20620
0.0 46e14174 20619
0.0 46e14174 20616
0.0 46e14174 20615
0.0 46e14174 20588
0.0 46e14174 20587
0.0 46e14174 20586
0.0 46e14174 20585
0.0 46e14174 20581
0.0 46e14174 20572
0.0 46e14174 20564
0.0 46e14174 20563
0.0 46e14174 20562
0.0 46e14174 20561
0.0 46e14174 20558
0.0 46e14174 20554
0.0 46e14174 20553
0.0 46e14174 20537
0.0 46e14174 20536
0.0 46e14174 20530
0.0 46e14174 20528
0.0 46e14174 20521
0.0 46e14174 20514
0.0 46e14174 20504
0.0 46e14174 20503
0.0 46e14174 20489
0.0 46e14174 20488
0.0 46e14174 20484
0.0 46e14174 20473
0.0 46e14174 20471
0.0 46e14174 20470
0.0 46e14174 20460
0.0 46e14174 20458
0.0 46e14174 20457
0.0 46e14174 20455
0.0 46e14174 20454
0.0 46e14174 20449
0.0 46e14174 20447
0.0 46e14174 20442
0.0 46e14174 20440
0.0 46e14174 20437
0.0 46e14174 20425
0.0 46e14174 20412
0.0 46e14174 20406
0.0 46e14174 20401
0.0 46e14174 20387
0.0 46e14174 20386
0.0 46e14174 20385
0.0 46e14174 20383
0.0 46e14174 20378
0.0 46e14174 20369
0.0 46e14174 20316
0.0 46e14174 20314
0.0 46e14174 20312
0.0 46e14174 20306
0.0 46e14174 20295
0.0 46e14174 20284
0.0 46e14174 20283
0.0 46e14174 20282
0.0 46e14174 20275
0.0 46e14174 20273
0.0 46e14174 20257
0.0 46e14174 20254
0.0 46e14174 20253
0.0 46e14174 20252
0.0 46e14174 20250
0.0 46e14174 20245
0.0 46e14174 20244
0.0 46e14174 20243
0.0 46e14174 20235
0.0 46e14174 20224
0.0 46e14174 20213
0.0 46e14174 20209
0.0 46e14174 20208
0.0 46e14174 20204
0.0 46e14174 20202
0.0 46e14174 20201
0.0 46e14174 20194
0.0 46e14174 20191
0.0 46e14174 20190
0.0 46e14174 20183
0.0 46e14174 20174
0.0 46e14174 20173
0.0 46e14174 20163
0.0 46e14174 20160
0.0 46e14174 20157
0.0 46e14174 20156
0.0 46e14174 20148
0.0 46e14174 20147
0.0 46e14174 20146
0.0 46e14174 20139
0.0 46e14174 20132
0.0 46e14174 20127
0.0 46e14174 20121
0.0 46e14174 20109
0.0 46e14174 20107
0.0 46e14174 20093
0.0 46e14174 20087
0.0 46e14174 20087
0.0 46e14174 20086
0.0 46e14174 20086
0.0 46e14174 20085
0.0 46e14174 20077
0.0 46e14174 20076
0.0 46e14174 20068
0.0 46e14174 20067
0.0 46e14174 20052
0.0 46e14174 20035
0.0 46e14174 20034
0.0 46e14174 20033
0.0 46e14174 20028
0.0 46e14174 20020
0.0 46e14174 20018
0.0 46e14174 20013
0.0 46e14174 20010
0.0 46e14174 20005
0.0 46e14174 20001
0.0 46e14174 19983
0.0 46e14174 19981
0.0 46e14174 19967
0.0 46e14174 19965
0.0 46e14174 19965
0.0 46e14174 19959
0.0 46e14174 19958
0.0 46e14174 19957
0.0 46e14174 19954
0.0 46e14174 19950
0.0 46e14174 19935
0.0 46e14174 19930
0.0 46e14174 19929
0.0 46e14174 19926
0.0 46e14174 19923
0.0 46e14174 19920
0.0 46e14174 19919
0.0 46e14174 19918
0.0 46e14174 19917
0.0 46e14174 19912
0.0 46e14174 19910
0.0 46e14174 19905
0.0 46e14174 19904
0.0 46e14174 19901
0.0 46e14174 19900
0.0 46e14174 19892
0.0 46e14174 19890
0.0 46e14174 19883
0.0 46e14174 19875
0.0 46e14174 19874
0.0 46e14174 19872
0.0 46e14174 19868
0.0 46e14174 19865
0.0 46e14174 19861
0.0 46e14174 19860
0.0 46e14174 19859
0.0 46e14174 19856
0.0 46e14174 19844
0.0 46e14174 19843
0.0 46e14174 19841
0.0 46e14174 19839
0.0 46e14174 19836
0.0 46e14174 19833
0.0 46e14174 19820
0.0 46e14174 19819
0.0 46e14174 19818
0.0 46e14174 19817
0.0 46e14174 19816
0.0 46e14174 19811
0.0 46e14174 19799
0.0 46e14174 19796
0.0 46e14174 19785
0.0 46e14174 19784
0.0 46e14174 19779
0.0 46e14174 19762
0.0 46e14174 19761
0.0 46e14174 19760
0.0 46e14174 19756
0.0 46e14174 19751
0.0 46e14174 19746
0.0 46e14174 19739
0.0 46e14174 19738
0.0 46e14174 19736
0.0 46e14174 19735
0.0 46e14174 19731
0.0 46e14174 19729
0.0 46e14174 19725
0.0 46e14174 19700
0.0 46e14174 19697
0.0 46e14174 19695
0.0 46e14174 19694
0.0 46e14174 19688
0.0 46e14174 19686
0.0 46e14174 19678
0.0 46e14174 19675
0.0 46e14174 19674
0.0 46e14174 19671
0.0 46e14174 19668
0.0 46e14174 19665
0.0 46e14174 19660
0.0 46e14174 19652
0.0 46e14174 19651
0.0 46e14174 19648
0.0 46e14174 19647
0.0 46e14174 19636
0.0 46e14174 19635
0.0 46e14174 19632
0.0 46e14174 19606
0.0 46e14174 19603
0.0 46e14174 19600
0.0 46e14174 19598
0.0 46e14174 19597
0.0 46e14174 19585
0.0 46e14174 19583
0.0 46e14174 19581
0.0 46e14174 19576
0.0 46e14174 19550
0.0 46e14174 19548
0.0 46e14174 19547
0.0 46e14174 19536
0.0 46e14174 19528
0.0 46e14174 19525
0.0 46e14174 19515
0.0 46e14174 19511
0.0 46e14174 19505
0.0 46e14174 19501
0.0 46e14174 19500
0.0 46e14174 19481
0.0 46e14174 19480
0.0 46e14174 19473
0.0 46e14174 19472
0.0 46e14174 19470
0.0 46e14174 19464
0.0 46e14174 19454
0.0 46e14174 19453
0.0 46e14174 19450
0.0 46e14174 19446
0.0 46e14174 19445
0.0 46e14174 19441
0.0 46e14174 19440
0.0 46e14174 19439
0.0 46e14174 19429
0.0 46e14174 19421
0.0 46e14174 19419
0.0 46e14174 19411
0.0 46e14174 19407
0.0 46e14174 19406
0.0 46e14174 19404
0.0 46e14174 19401
0.0 46e14174 19398
0.0 46e14174 19394
0.0 46e14174 19393
0.0 46e14174 19392
0.0 46e14174 19390
0.0 46e14174 19370
0.0 46e14174 19366
0.0 46e14174 19361
0.0 46e14174 19359
0.0 46e14174 19352
0.0 46e14174 19348
0.0 46e14174 19347
0.0 46e14174 19342
0.0 46e14174 19335
0.0 46e14174 19332
0.0 46e14174 19327
0.0 46e14174 19322
0.0 46e14174 19317
0.0 46e14174 19311
0.0 46e14174 19310
0.0 46e14174 19308
0.0 46e14174 19300
0.0 46e14174 19300
0.0 46e14174 19292
0.0 46e14174 19287
0.0 46e14174 19285
0.0 46e14174 19284
0.0 46e14174 19282
0.0 46e14174 19278
0.0 46e14174 19277
0.0 46e14174 19276
0.0 46e14174 19275
0.0 46e14174 19274
0.0 46e14174 19273
0.0 46e14174 19269
0.0 46e14174 19268
0.0 46e14174 19255
0.0 46e14174 19251
0.0 46e14174 19241
0.0 46e14174 19240
0.0 46e14174 19237
0.0 46e14174 19236
0.0 46e14174 19234
0.0 46e14174 19233
0.0 46e14174 19218
0.0 46e14174 19216
0.0 46e14174 19213
0.0 46e14174 19211
0.0 46e14174 19205
0.0 46e14174 19203
0.0 46e14174 19201
0.0 46e14174 19199
0.0 46e14174 19182
0.0 46e14174 19181
0.0 46e14174 19179
0.0 46e14174 19178
0.0 46e14174 19176
0.0 46e14174 19166
0.0 46e14174 19164
0.0 46e14174 19158
0.0 46e14174 19136
0.0 46e14174 19134
0.0 46e14174 19130
0.0 46e14174 19117
0.0 46e14174 19093
0.0 46e14174 19081
0.0 46e14174 19072
0.0 46e14174 19058
0.0 46e14174 19056
0.0 46e14174 19049
0.0 46e14174 19048
0.0 46e14174 19045
0.0 46e14174 19044
0.0 46e14174 19038
0.0 46e14174 19033
0.0 46e14174 19030
0.0 46e14174 19029
0.0 46e14174 19023
0.0 46e14174 19022
0.0 46e14174 19021
0.0 46e14174 19007
0.0 46e14174 19004
0.0 46e14174 18997
0.0 46e14174 18996
0.0 46e14174 18995
0.0 46e14174 18990
0.0 46e14174 18976
0.0 46e14174 18975
0.0 46e14174 18967
0.0 46e14174 18942
0.0 46e14174 18941
0.0 46e14174 18929
0.0 46e14174 18928
0.0 46e14174 18926
0.0 46e14174 18924
0.0 46e14174 18920
0.0 46e14174 18918
0.0 46e14174 18913
0.0 46e14174 18907
0.0 46e14174 18906
0.0 46e14174 18904
0.0 46e14174 18903
0.0 46e14174 18902
0.0 46e14174 18899
0.0 46e14174 18892
0.0 46e14174 18891
0.0 46e14174 18881
0.0 46e14174 18879
0.0 46e14174 18875
0.0 46e14174 18874
0.0 46e14174 18873
0.0 46e14174 18868
0.0 46e14174 18865
0.0 46e14174 18862
0.0 46e14174 18860
0.0 46e14174 18858
0.0 46e14174 18856
0.0 46e14174 18852
0.0 46e14174 18848
0.0 46e14174 18847
0.0 46e14174 18842
0.0 46e14174 18841
0.0 46e14174 18832
0.0 46e14174 18816
0.0 46e14174 18812
0.0 46e14174 18808
0.0 46e14174 18805
0.0 46e14174 18803
0.0 46e14174 18799
0.0 46e14174 18794
0.0 46e14174 18791
0.0 46e14174 18789
0.0 46e14174 18779
0.0 46e14174 18777
0.0 46e14174 18774
0.0 46e14174 18773
0.0 46e14174 18766
0.0 46e14174 18758
0.0 46e14174 18747
0.0 46e14174 18739
0.0 46e14174 18737
0.0 46e14174 18731
0.0 46e14174 18730
0.0 46e14174 18725
0.0 46e14174 18722
0.0 46e14174 18719
0.0 46e14174 18717
0.0 46e14174 18709
0.0 46e14174 18702
0.0 46e14174 18698
0.0 46e14174 18697
0.0 46e14174 18684
0.0 46e14174 18679
0.0 46e14174 18674
0.0 46e14174 18671
0.0 46e14174 18670
0.0 46e14174 18666
0.0 46e14174 18660
0.0 46e14174 18657
0.0 46e14174 18654
0.0 46e14174 18647
0.0 46e14174 18646
0.0 46e14174 18641
0.0 46e14174 18638
0.0 46e14174 18634
0.0 46e14174 18633
0.0 46e14174 18632
0.0 46e14174 18630
0.0 46e14174 18629
0.0 46e14174 18626
0.0 46e14174 18622
0.0 46e14174 18615
0.0 46e14174 18614
0.0 46e14174 18605
0.0 46e14174 18591
0.0 46e14174 18587
0.0 46e14174 18581
0.0 46e14174 18576
0.0 46e14174 18573
0.0 46e14174 18555
0.0 46e14174 18554
0.0 46e14174 18552
0.0 46e14174 18545
0.0 46e14174 18541
0.0 46e14174 18539
0.0 46e14174 18533
0.0 46e14174 18531
0.0 46e14174 18524
0.0 46e14174 18520
0.0 46e14174 18514
0.0 46e14174 18512
0.0 46e14174 18511
0.0 46e14174 18510
0.0 46e14174 18507
0.0 46e14174 18503
0.0 46e14174 18502
0.0 46e14174 18499
0.0 46e14174 18496
0.0 46e14174 18494
0.0 46e14174 18483
0.0 46e14174 18481
0.0 46e14174 18480
0.0 46e14174 18470
0.0 46e14174 18469
0.0 46e14174 18467
0.0 46e14174 18465
0.0 46e14174 18462
0.0 46e14174 18458
0.0 46e14174 18453
0.0 46e14174 18446
0.0 46e14174 18444
0.0 46e14174 18432
0.0 46e14174 18429
0.0 46e14174 18425
0.0 46e14174 18424
0.0 46e14174 18417
0.0 46e14174 18416
0.0 46e14174 18413
0.0 46e14174 18410
0.0 46e14174 18401
0.0 46e14174 18400
0.0 46e14174 18399
0.0 46e14174 18398
0.0 46e14174 18397
0.0 46e14174 18395
0.0 46e14174 18394
0.0 46e14174 18381
0.0 46e14174 18380
0.0 46e14174 18376
0.0 46e14174 18373
0.0 46e14174 18371
0.0 46e14174 18370
0.0 46e14174 18369
0.0 46e14174 18368
0.0 46e14174 18367
0.0 46e14174 18366
0.0 46e14174 18365
0.0 46e14174 18364
0.0 46e14174 18362
0.0 46e14174 18361
0.0 46e14174 18360
0.0 46e14174 18357
0.0 46e14174 18353
0.0 46e14174 18351
0.0 46e14174 18347
0.0 46e14174 18337
0.0 46e14174 18331
0.0 46e14174 18326
0.0 46e14174 18323
0.0 46e14174 18318
0.0 46e14174 18311
0.0 46e14174 18305
0.0 46e14174 18296
0.0 46e14174 18284
0.0 46e14174 18283
0.0 46e14174 18282
0.0 46e14174 18269
0.0 46e14174 18263
0.0 46e14174 18260
0.0 46e14174 18258
0.0 46e14174 18254
0.0 46e14174 18252
0.0 46e14174 18251
0.0 46e14174 18250
0.0 46e14174 18247
0.0 46e14174 18241
0.0 46e14174 18241
0.0 46e14174 18236
0.0 46e14174 18230
0.0 46e14174 18215
0.0 46e14174 18213
0.0 46e14174 18211
0.0 46e14174 18206
0.0 46e14174 18204
0.0 46e14174 18202
0.0 46e14174 18199
0.0 46e14174 18198
0.0 46e14174 18195
0.0 46e14174 18190
0.0 46e14174 18188
0.0 46e14174 18180
0.0 46e14174 18179
0.0 46e14174 18178
0.0 46e14174 18175
0.0 46e14174 18161
0.0 46e14174 18159
0.0 46e14174 18154
0.0 46e14174 18151
0.0 46e14174 18147
0.0 46e14174 18142
0.0 46e14174 18141
0.0 46e14174 18136
0.0 46e14174 18129
0.0 46e14174 18127
0.0 46e14174 18109
0.0 46e14174 18103
0.0 46e14174 18103
0.0 46e14174 18100
0.0 46e14174 18099
0.0 46e14174 18096
0.0 46e14174 18094
0.0 46e14174 18086
0.0 46e14174 18080
0.0 46e14174 18074
0.0 46e14174 18069
0.0 46e14174 18069
0.0 46e14174 18057
0.0 46e14174 18056
0.0 46e14174 18052
0.0 46e14174 18048
0.0 46e14174 18041
0.0 46e14174 18034
0.0 46e14174 18019
0.0 46e14174 18013
0.0 46e14174 18011
0.0 46e14174 18006
0.0 46e14174 17997
0.0 46e14174 17988
0.0 46e14174 17986
0.0 46e14174 17984
0.0 46e14174 17981
0.0 46e14174 17980
0.0 46e14174 17975
0.0 46e14174 17974
0.0 46e14174 17973
0.0 46e14174 17972
0.0 46e14174 17954
0.0 46e14174 17946
0.0 46e14174 17945
0.0 46e14174 17943
0.0 46e14174 17936
0.0 46e14174 17935
0.0 46e14174 17931
0.0 46e14174 17925
0.0 46e14174 17920
0.0 46e14174 17919
0.0 46e14174 17918
0.0 46e14174 17917
0.0 46e14174 17912
0.0 46e14174 17902
0.0 46e14174 17901
0.0 46e14174 17899
0.0 46e14174 17898
0.0 46e14174 17897
0.0 46e14174 17893
0.0 46e14174 17892
0.0 46e14174 17891
0.0 46e14174 17890
0.0 46e14174 17884
0.0 46e14174 17873
0.0 46e14174 17872
0.0 46e14174 17870
0.0 46e14174 17868
0.0 46e14174 17859
0.0 46e14174 17850
0.0 46e14174 17848
0.0 46e14174 17845
0.0 46e14174 17843
0.0 46e14174 17838
0.0 46e14174 17833
0.0 46e14174 17828
0.0 46e14174 17823
0.0 46e14174 17812
0.0 46e14174 17808
0.0 46e14174 17795
0.0 46e14174 17792
0.0 46e14174 17791
0.0 46e14174 17788
0.0 46e14174 17785
0.0 46e14174 17783
0.0 46e14174 17769
0.0 46e14174 17764
0.0 46e14174 17763
0.0 46e14174 17760
0.0 46e14174 17756
0.0 46e14174 17754
0.0 46e14174 17746
0.0 46e14174 17738
0.0 46e14174 17730
0.0 46e14174 17729
0.0 46e14174 17726
0.0 46e14174 17714
0.0 46e14174 17709
0.0 46e14174 17707
0.0 46e14174 17706
0.0 46e14174 17705
0.0 46e14174 17698
0.0 46e14174 17692
0.0 46e14174 17690
0.0 46e14174 17686
0.0 46e14174 17678
0.0 46e14174 17677
0.0 46e14174 17674
0.0 46e14174 17673
0.0 46e14174 17668
0.0 46e14174 17653
0.0 46e14174 17651
0.0 46e14174 17650
0.0 46e14174 17643
0.0 46e14174 17632
0.0 46e14174 17628
0.0 46e14174 17626
0.0 46e14174 17623
0.0 46e14174 17622
0.0 46e14174 17619
0.0 46e14174 17608
0.0 46e14174 17607
0.0 46e14174 17601
0.0 46e14174 17599
0.0 46e14174 17598
0.0 46e14174 17595
0.0 46e14174 17592
0.0 46e14174 17591
0.0 46e14174 17589
0.0 46e14174 17582
0.0 46e14174 17575
0.0 46e14174 17571
0.0 46e14174 17565
0.0 46e14174 17562
0.0 46e14174 17554
0.0 46e14174 17553
0.0 46e14174 17547
0.0 46e14174 17546
0.0 46e14174 17542
0.0 46e14174 17541
0.0 46e14174 17538
0.0 46e14174 17515
0.0 46e14174 17514
0.0 46e14174 17507
0.0 46e14174 17504
0.0 46e14174 17498
0.0 46e14174 17497
0.0 46e14174 17492
0.0 46e14174 17491
0.0 46e14174 17487
0.0 46e14174 17486
0.0 46e14174 17481
0.0 46e14174 17479
0.0 46e14174 17478
0.0 46e14174 17471
0.0 46e14174 17461
0.0 46e14174 17459
0.0 46e14174 17448
0.0 46e14174 17443
0.0 46e14174 17442
0.0 46e14174 17439
0.0 46e14174 17434
0.0 46e14174 17425
0.0 46e14174 17418
0.0 46e14174 17417
0.0 46e14174 17415
0.0 46e14174 17411
0.0 46e14174 17404
0.0 46e14174 17401
0.0 46e14174 17400
0.0 46e14174 17399
0.0 46e14174 17398
0.0 46e14174 17396
0.0 46e14174 17395
0.0 46e14174 17389
0.0 46e14174 17376
0.0 46e14174 17368
0.0 46e14174 17365
0.0 46e14174 17357
0.0 46e14174 17345
0.0 46e14174 17331
0.0 46e14174 17329
0.0 46e14174 17327
0.0 46e14174 17324
0.0 46e14174 17322
0.0 46e14174 17318
0.0 46e14174 17317
0.0 46e14174 17311
0.0 46e14174 17310
0.0 46e14174 17308
0.0 46e14174 17305
0.0 46e14174 17304
0.0 46e14174 17303
0.0 46e14174 17302
0.0 46e14174 17299
0.0 46e14174 17297
0.0 46e14174 17295
0.0 46e14174 17294
0.0 46e14174 17293
0.0 46e14174 17287
0.0 46e14174 17280
0.0 46e14174 17279
0.0 46e14174 17263
0.0 46e14174 17254
0.0 46e14174 17250
0.0 46e14174 17240
0.0 46e14174 17238
0.0 46e14174 17236
0.0 46e14174 17234
0.0 46e14174 17231
0.0 46e14174 17230
0.0 46e14174 17226
0.0 46e14174 17225
0.0 46e14174 17222
0.0 46e14174 17219
0.0 46e14174 17215
0.0 46e14174 17211
0.0 46e14174 17209
0.0 46e14174 17205
0.0 46e14174 17204
0.0 46e14174 17202
0.0 46e14174 17200
0.0 46e14174 17186
0.0 46e14174 17183
0.0 46e14174 17181
0.0 46e14174 17171
0.0 46e14174 17169
0.0 46e14174 17165
0.0 46e14174 17158
0.0 46e14174 17150
0.0 46e14174 17135
0.0 46e14174 17133
0.0 46e14174 17128
0.0 46e14174 17123
0.0 46e14174 17118
0.0 46e14174 17112
0.0 46e14174 17106
0.0 46e14174 17100
0.0 46e14174 17082
0.0 46e14174 17080
0.0 46e14174 17074
0.0 46e14174 17073
0.0 46e14174 17066
0.0 46e14174 17065
0.0 46e14174 17041
0.0 46e14174 17033
0.0 46e14174 17032
0.0 46e14174 17031
0.0 46e14174 17028
0.0 46e14174 17027
0.0 46e14174 17025
0.0 46e14174 17022
0.0 46e14174 17016
0.0 46e14174 17015
0.0 46e14174 17007
0.0 46e14174 17005
0.0 46e14174 17001
0.0 46e14174 16983
0.0 46e14174 16976
0.0 46e14174 16975
0.0 46e14174 16974
0.0 46e14174 16969
0.0 46e14174 16963
0.0 46e14174 16957
0.0 46e14174 16955
0.0 46e14174 16951
0.0 46e14174 16948
0.0 46e14174 16944
0.0 46e14174 16943
0.0 46e14174 16942
0.0 46e14174 16931
0.0 46e14174 16924
0.0 46e14174 16922
0.0 46e14174 16917
0.0 46e14174 16915
0.0 46e14174 16905
0.0 46e14174 16904
0.0 46e14174 16900
0.0 46e14174 16887
0.0 46e14174 16886
0.0 46e14174 16875
0.0 46e14174 16866
0.0 46e14174 16865
0.0 46e14174 16860
0.0 46e14174 16842
0.0 46e14174 16838
0.0 46e14174 16836
0.0 46e14174 16833
0.0 46e14174 16822
0.0 46e14174 16821
0.0 46e14174 16820
0.0 46e14174 16818
0.0 46e14174 16813
0.0 46e14174 16806
0.0 46e14174 16804
0.0 46e14174 16793
0.0 46e14174 16792
0.0 46e14174 16789
0.0 46e14174 16783
0.0 46e14174 16775
0.0 46e14174 16774
0.0 46e14174 16770
0.0 46e14174 16768
0.0 46e14174 16764
0.0 46e14174 16756
0.0 46e14174 16751
0.0 46e14174 16747
0.0 46e14174 16744
0.0 46e14174 16741
0.0 46e14174 16734
0.0 46e14174 16722
0.0 46e14174 16716
0.0 46e14174 16714
0.0 46e14174 16709
0.0 46e14174 16705
0.0 46e14174 16703
0.0 46e14174 16693
0.0 46e14174 16688
0.0 46e14174 16686
0.0 46e14174 16682
0.0 46e14174 16680
0.0 46e14174 16659
0.0 46e14174 16658
0.0 46e14174 16648
0.0 46e14174 16645
0.0 46e14174 16640
0.0 46e14174 16636
0.0 46e14174 16608
0.0 46e14174 16603
0.0 46e14174 16600
0.0 46e14174 16593
0.0 46e14174 16592
0.0 46e14174 16591
0.0 46e14174 16587
0.0 46e14174 16586
0.0 46e14174 16578
0.0 46e14174 16569
0.0 46e14174 16568
0.0 46e14174 16567
0.0 46e14174 16563
0.0 46e14174 16561
0.0 46e14174 16558
0.0 46e14174 16557
0.0 46e14174 16532
0.0 46e14174 16531
0.0 46e14174 16524
0.0 46e14174 16518
0.0 46e14174 16515
0.0 46e14174 16513
0.0 46e14174 16508
0.0 46e14174 16503
0.0 46e14174 16502
0.0 46e14174 16497
0.0 46e14174 16495
0.0 46e14174 16485
0.0 46e14174 16483
0.0 46e14174 16481
0.0 46e14174 16477
0.0 46e14174 16473
0.0 46e14174 16471
0.0 46e14174 16466
0.0 46e14174 16461
0.0 46e14174 16444
0.0 46e14174 16441
0.0 46e14174 16433
0.0 46e14174 16425
0.0 46e14174 16423
0.0 46e14174 16422
0.0 46e14174 16420
0.0 46e14174 16418
0.0 46e14174 16417
0.0 46e14174 16409
0.0 46e14174 16403
0.0 46e14174 16396
0.0 46e14174 16395
0.0 46e14174 16393
0.0 46e14174 16391
0.0 46e14174 16385
0.0 46e14174 16384
0.0 46e14174 16383
0.0 46e14174 16382
0.0 46e14174 16381
0.0 46e14174 16378
0.0 46e14174 16375
0.0 46e14174 16367
0.0 46e14174 16362
0.0 46e14174 16344
0.0 46e14174 16343
0.0 46e14174 16340
0.0 46e14174 16339
0.0 46e14174 16337
0.0 46e14174 16335
0.0 46e14174 16318
0.0 46e14174 16316
0.0 46e14174 16315
0.0 46e14174 16311
0.0 46e14174 16309
0.0 46e14174 16289
0.0 46e14174 16275
0.0 46e14174 16268
0.0 46e14174 16258
0.0 46e14174 16252
0.0 46e14174 16251
0.0 46e14174 16240
0.0 46e14174 16228
0.0 46e14174 16227
0.0 46e14174 16225
0.0 46e14174 16217
0.0 46e14174 16216
0.0 46e14174 16215
0.0 46e14174 16212
0.0 46e14174 16210
0.0 46e14174 16209
0.0 46e14174 16208
0.0 46e14174 16201
0.0 46e14174 16199
0.0 46e14174 16175
0.0 46e14174 16174
0.0 46e14174 16137
0.0 46e14174 16135
0.0 46e14174 16130
0.0 46e14174 16122
0.0 46e14174 16120
0.0 46e14174 16119
0.0 46e14174 16078
0.0 46e14174 16076
0.0 46e14174 16074
0.0 46e14174 16069
0.0 46e14174 16068
0.0 46e14174 16050
0.0 46e14174 16033
0.0 46e14174 16029
0.0 46e14174 16021
0.0 46e14174 16019
0.0 46e14174 16016
0.0 46e14174 16002
0.0 46e14174 15985
0.0 46e14174 15971
0.0 46e14174 15949
0.0 46e14174 15942
0.0 46e14174 15939
0.0 46e14174 15938
0.0 46e14174 15935
0.0 46e14174 15934
0.0 46e14174 15924
0.0 46e14174 15911
0.0 46e14174 15908
0.0 46e14174 15903
0.0 46e14174 15892
0.0 46e14174 15886
0.0 46e14174 15881
0.0 46e14174 15879
0.0 46e14174 15874
0.0 46e14174 15871
0.0 46e14174 15870
0.0 46e14174 15836
0.0 46e14174 15828
0.0 46e14174 15827
0.0 46e14174 15814
0.0 46e14174 15812
0.0 46e14174 15803
0.0 46e14174 15790
0.0 46e14174 15764
0.0 46e14174 15697
0.0 46e14174 15656
0.0 46e14174 15575
0.0 46e14174 15566
0.0 46e14174 15521
0.0 46e14174 15520
0.0 46e14174 15518
0.0 46e14174 15511
0.0 46e14174 15505
0.0 46e14174 15499
0.0 46e14174 15487
0.0 46e14174 15485
0.0 46e14174 15461
0.0 46e14174 15458
0.0 46e14174 15437
0.0 46e14174 15432
0.0 46e14174 15417
0.0 46e14174 15402
0.0 46e14174 15358
0.0 46e14174 15340
0.0 46e14174 15308
0.0 46e14174 15283
0.0 46e14174 15279
0.0 46e14174 15163
0.0 46e14174 15159
0.0 46e14174 15158
0.0 46e14174 15120
0.0 46e14174 15109
0.0 46e14174 15057
0.0 46e14174 14971
0.0 46e14174 14970
0.0 46e14174 14929
0.0 46e14174 14900
0.0 46e14174 14889
0.0 46e14174 14819
0.0 46e14174 14765
0.0 46e14174 14650
0.0 46e14174 14647
0.0 46e14174 14636
0.0 46e14174 14586
0.0 46e14174 14584
0.0 46e14174 14582
0.0 46e14174 14471
0.0 46e14174 14432
0.0 46e14174 14419
0.0 46e14174 14388
0.0 46e14174 14357
0.0 46e14174 14340
0.0 46e14174 14308
0.0 46e14174 14214
0.0 46e14174 14187
0.0 46e14174 14181
0.0 46e14174 14126
0.0 46e14174 14019
0.0 46e14174 14009
0.0 46e14174 13982
0.0 46e14174 13968
0.0 46e14174 13960
0.0 46e14174 13926
0.0 46e14174 13799
0.0 46e14174 13762
0.0 46e14174 13749
0.0 46e14174 13640
0.0 46e14174 13402
0.0 46e14174 13288
0.0 46e14174 13207
0.0 46e14174 13143
0.0 46e14174 13091
0.0 46e14174 13058
0.0 46e14174 13054
0.0 46e14174 12959
0.0 46e14174 12845
0.0 46e14174 12826
0.0 46e14174 12507
0.0 46e14174 12330
0.0 46e14174 12321
0.0 46e14174 12313
0.0 46e14174 12312
0.0 46e14174 12266
0.0 46e14174 12128
0.0 46e14174 12110
0.0 46e14174 11944
0.0 46e14174 11651
0.0 46e14174 11489
0.0 46e14174 11473
0.0 46e14174 11464
0.0 46e14174 10816
0.0 46e14174 10760
0.0 46e14174 10751
0.0 46e14174 10693
0.0 46e14174 10541
0.0 46e14174 10509
0.0 46e14174 10483
0.0 46e14174 10396
0.0 46e14174 10378
0.0 46e14174 10377
0.0 46e14174 10376
0.0 46e14174 9384
0.0 46e14174 8835
0.0 46e14174 7157

