0.18211141 56779926 8835
0.15328057 56779926 17209
0.13426591 56779926 17741
0.12234902 56779926 18086
0.118571 56779926 21578
0.11160831 56779926 19598
0.11004876 56779926 21310
0.10956557 56779926 19875
0.106492504 56779926 21189
0.10256611 56779926 22284
0.09836812 56779926 17190
0.09489058 56779926 16976
0.09272469 56779926 20458
0.09198987 56779926 17756
0.09138974 56779926 19299
0.0899283 56779926 18380
0.08837886 56779926 17421
0.086245015 56779926 21512
0.0848442 56779926 20412
0.08438341 56779926 18198
0.08424029 56779926 19407
0.08353001 56779926 14471
0.083119765 56779926 18398
0.08255137 56779926 14308
0.0823548 56779926 21181
0.08195361 56779926 17145
0.081286594 56779926 22384
0.07958967 56779926 21007
0.07899604 56779926 17400
0.07895312 56779926 20556
0.07836698 56779926 19960
0.07827073 56779926 21261
0.077815 56779926 20068
0.07664296 56779926 16481
0.07619403 56779926 20157
0.076022506 56779926 12305
0.07601887 56779926 12128
0.07595467 56779926 21117
0.07585302 56779926 19743
0.07585302 56779926 19743
0.07574911 56779926 22183
0.07557749 56779926 17460
0.074073605 56779926 17606
0.07405445 56779926 19473
0.073457316 56779926 16228
0.07281463 56779926 14678
0.07270034 56779926 20035
0.0721328 56779926 22214
0.07101286 56779926 17945
0.070286416 56779926 22163
0.07014882 56779926 18673
0.069727704 56779926 20737
0.06964008 56779926 21842
0.06938552 56779926 21549
0.06914106 56779926 19404
0.06844629 56779926 18651
0.06824969 56779926 13968
0.067906395 56779926 16289
0.06743394 56779926 17236
0.0664661 56779926 19923
0.06592068 56779926 13640
0.06581599 56779926 19009
0.06549638 56779926 16279
0.06547324 56779926 11257
0.065080754 56779926 19511
0.06493876 56779926 20010
0.064871304 56779926 17398
0.063590094 56779926 19929
0.063477956 56779926 20839
0.0634536 56779926 16367
0.06321227 56779926 20932
0.06229021 56779926 20558
0.062221907 56779926 15458
0.061923582 56779926 20824
0.061876982 56779926 16972
0.06097275 56779926 21218
0.060634732 56779926 19656
0.06033758 56779926 20519
0.060192186 56779926 21517
0.060083576 56779926 17412
0.05905438 56779926 19651
0.058977287 56779926 20662
0.05893343 56779926 20786
0.058138944 56779926 18701
0.05783944 56779926 17621
0.057701156 56779926 21188
0.057172164 56779926 22434
0.057156272 56779926 16980
0.056823045 56779926 16915
0.05654762 56779926 21858
0.05566384 56779926 21921
0.05547417 56779926 21989
0.0553978 56779926 17231
0.05532582 56779926 19222
0.055066876 56779926 17370
0.05504567 56779926 19505
0.054452036 56779926 14647
0.0541804 56779926 16789
0.054119077 56779926 19048
0.053920932 56779926 18296
0.0539165 56779926 19311
0.05370984 56779926 18250
0.05354572 56779926 22032
0.053480208 56779926 19602
0.05315795 56779926 19519
0.053059258 56779926 22240
0.05292481 56779926 14503
0.052591544 56779926 20175
0.052378558 56779926 20160
0.05182968 56779926 17007
0.051791154 56779926 17542
0.051566146 56779926 21576
0.05149264 56779926 17865
0.05134747 56779926 19284
0.051345516 56779926 21131
0.051143877 56779926 19515
0.051118314 56779926 15529
0.050925333 56779926 18153
0.050186567 56779926 21404
0.050131053 56779926 19731
0.05004073 56779926 20409
0.050017435 56779926 20180
0.04952181 56779926 20827
0.049360782 56779926 19201
0.049114034 56779926 16801
0.04908997 56779926 21013
0.049063254 56779926 21282
0.048646037 56779926 18195
0.048591997 56779926 21109
0.048210263 56779926 21844
0.04813178 56779926 18905
0.047764495 56779926 19517
0.04750088 56779926 17219
0.047161594 56779926 19981
0.046124686 56779926 18876
0.046100356 56779926 19427
0.046048235 56779926 20195
0.04603744 56779926 15999
0.045963872 56779926 16725
0.045932848 56779926 19480
0.045741748 56779926 15722
0.04532442 56779926 17317
0.04502615 56779926 21019
0.044822164 56779926 18320
0.044730432 56779926 17034
0.044373512 56779926 16051
0.044307 56779926 20547
0.044275556 56779926 16711
0.044002097 56779926 17842
0.043980073 56779926 17133
0.04390213 56779926 20957
0.04387253 56779926 13402
0.043784253 56779926 17686
0.04378224 56779926 17112
0.043600697 56779926 20848
0.043551408 56779926 21452
0.043551408 56779926 21451
0.043526214 56779926 21915
0.04336889 56779926 17249
0.04307988 56779926 19419
0.042678736 56779926 21455
0.042666256 56779926 18254
0.04260995 56779926 18881
0.04254409 56779926 22294
0.04232308 56779926 19367
0.042214513 56779926 22411
0.041464347 56779926 19585
0.04120693 56779926 16512
0.040920887 56779926 19516
0.04088163 56779926 20979
0.04078926 56779926 20488
0.04060499 56779926 16137
0.0404531 56779926 18967
0.04027232 56779926 17653
0.040263224 56779926 17674
0.040198326 56779926 20173
0.0400928 56779926 18906
0.03994685 56779926 18628
0.03994685 56779926 18627
0.039910942 56779926 22006
0.039635956 56779926 14699
0.039501887 56779926 22198
0.039393507 56779926 20405
0.039388776 56779926 21519
0.03927791 56779926 20387
0.039262466 56779926 20734
0.039204963 56779926 16703
0.039179564 56779926 19863
0.03910912 56779926 21902
0.039103627 56779926 21753
0.03910016 56779926 21843
0.03909167 56779926 22282
0.039029732 56779926 20033
0.038896903 56779926 21976
0.03877392 56779926 18136
0.038609218 56779926 22237
0.03858355 56779926 20762
0.038544647 56779926 20369
0.03849176 56779926 19483
0.03849064 56779926 18143
0.03843325 56779926 17919
0.03836187 56779926 20971
0.03835759 56779926 17946
0.03806043 56779926 20470
0.038056765 56779926 20196
0.038038246 56779926 20226
0.037992917 56779926 19391
0.03799086 56779926 19883
0.03787364 56779926 16756
0.037832662 56779926 18275
0.03764617 56779926 19654
0.037617445 56779926 12871
0.037604064 56779926 20055
0.03739634 56779926 18816
0.037323 56779926 19961
0.037304796 56779926 20792
0.037289277 56779926 21223
0.03721723 56779926 22258
0.0371159 56779926 18852
0.03706393 56779926 19314
0.03704711 56779926 12850
0.036894906 56779926 14713
0.036529757 56779926 21839
0.0364239 56779926 19735
0.036369808 56779926 20194
0.036329392 56779926 17582
0.036278084 56779926 20516
0.036075525 56779926 10693
0.036061488 56779926 22368
0.035833392 56779926 20174
0.035785906 56779926 22254
0.035763357 56779926 17925
0.035506282 56779926 15120
0.035494532 56779926 20186
0.035478354 56779926 19386
0.035431594 56779926 15469
0.035428453 56779926 15057
0.03538397 56779926 18832
0.035299845 56779926 19836
0.035222646 56779926 16077
0.035031706 56779926 17782
0.035002954 56779926 19278
0.034883827 56779926 19233
0.03482869 56779926 19058
0.034759626 56779926 15764
0.034751024 56779926 16210
0.034659095 56779926 16624
0.034549743 56779926 17805
0.0345317 56779926 17677
0.03451251 56779926 15214
0.03449572 56779926 18177
0.034458064 56779926 20832
0.03444482 56779926 21945
0.034294147 56779926 20052
0.034289517 56779926 19301
0.034276642 56779926 21681
0.034252517 56779926 20224
0.034248885 56779926 20046
0.03419 56779926 20441
0.033966683 56779926 20312
0.033885207 56779926 17136
0.033865176 56779926 21706
0.033562865 56779926 20736
0.03352623 56779926 19940
0.03342854 56779926 16309
0.033321686 56779926 14187
0.033277325 56779926 20628
0.03327364 56779926 21798
0.033227175 56779926 21509
0.03322005 56779926 21878
0.033048946 56779926 20637
0.03301622 56779926 19918
0.03299901 56779926 20638
0.03281319 56779926 20151
0.032631952 56779926 22253
0.032467183 56779926 19499
0.03239206 56779926 21177
0.03237525 56779926 18416
0.03236544 56779926 17240
0.03219386 56779926 18293
0.032069393 56779926 19920
0.03204896 56779926 15520
0.031934205 56779926 22015
0.031911176 56779926 11210
0.031899106 56779926 20204
0.03188841 56779926 21163
0.031807266 56779926 13288
0.031778168 56779926 17608
0.031727344 56779926 19774
0.03155785 56779926 18115
0.03152326 56779926 21796
0.03147118 56779926 16253
0.031432834 56779926 19983
0.031412978 56779926 18071
0.03140008 56779926 20790
0.031295713 56779926 17825
0.031011458 56779926 17873
0.031001786 56779926 19919
0.031000014 56779926 22154
0.030911837 56779926 22301
0.0308945 56779926 17673
0.030797534 56779926 19681
0.030703839 56779926 19937
0.030691057 56779926 17843
0.03068745 56779926 16648
0.030663026 56779926 22061
0.030567681 56779926 16886
0.030365564 56779926 20206
0.030285321 56779926 22075
0.0302107 56779926 22055
0.030169325 56779926 18793
0.03016622 56779926 20086
0.03016622 56779926 20086
0.030154515 56779926 14971
0.03014418 56779926 16291
0.030121196 56779926 20449
0.03009 56779926 18326
0.030020375 56779926 17884
0.030016331 56779926 22392
0.02978982 56779926 22350
0.029748771 56779926 20087
0.029748771 56779926 20087
0.029726513 56779926 22039
0.029724235 56779926 17489
0.02968859 56779926 20943
0.029668763 56779926 17041
0.029519986 56779926 20869
0.029176144 56779926 21178
0.029172707 56779926 22038
0.029144417 56779926 15108
0.029127816 56779926 21474
0.029090768 56779926 19400
0.02903061 56779926 19072
0.029006492 56779926 18151
0.028955422 56779926 17943
0.028894398 56779926 21155
0.028876211 56779926 21884
0.0288038 56779926 18879
0.028684033 56779926 18670
0.028638165 56779926 19912
0.028584145 56779926 16469
0.028492492 56779926 16508
0.028465793 56779926 17710
0.02842359 56779926 17553
0.0283851 56779926 18180
0.028291017 56779926 18069
0.028291017 56779926 18069
0.028241644 56779926 18247
0.028178204 56779926 15608
0.028146531 56779926 20455
0.028060049 56779926 19347
0.027988564 56779926 19998
0.02798243 56779926 17124
0.027909929 56779926 17025
0.027877696 56779926 20209
0.02785429 56779926 20530
0.027816374 56779926 17487
0.027665459 56779926 17857
0.02764532 56779926 19603
0.02763 56779926 21147
0.027599901 56779926 17632
0.027583862 56779926 21311
0.027554018 56779926 20181
0.027546939 56779926 16175
0.027446259 56779926 18922
0.027416516 56779926 21897
0.027390648 56779926 21255
0.027368722 56779926 18451
0.027251525 56779926 17730
0.02714146 56779926 15938
0.026910473 56779926 16688
0.026893638 56779926 20250
0.026844041 56779926 14542
0.02674605 56779926 20251
0.026738044 56779926 15796
0.026656821 56779926 20927
0.026626391 56779926 21530
0.02639635 56779926 21954
0.026334982 56779926 16524
0.026248023 56779926 22361
0.02623685 56779926 14356
0.026235932 56779926 15511
0.02612409 56779926 19581
0.026121002 56779926 17690
0.025967252 56779926 17538
0.025955174 56779926 19815
0.025955059 56779926 20156
0.025916992 56779926 19181
0.025883103 56779926 22268
0.02587713 56779926 21454
0.025690986 56779926 18410
0.025643505 56779926 18891
0.025640475 56779926 19624
0.025560971 56779926 18609
0.025552899 56779926 20085
0.02553254 56779926 17738
0.025508344 56779926 18373
0.02550711 56779926 20127
0.025457695 56779926 14900
0.0254014 56779926 21698
0.025347056 56779926 17646
0.025279483 56779926 17118
0.02523522 56779926 22390
0.025224075 56779926 18875
0.025198363 56779926 18353
0.025118459 56779926 20983
0.025049224 56779926 16074
0.025004376 56779926 17056
0.024932671 56779926 20990
0.02487829 56779926 17707
0.024871428 56779926 15836
0.02479107 56779926 14586
0.024759902 56779926 17415
0.024749659 56779926 15910
0.02471229 56779926 13143
0.0246896 56779926 16686
0.024508884 56779926 17892
0.024488343 56779926 18924
0.024461268 56779926 20201
0.024459591 56779926 19866
0.024448052 56779926 18523
0.024428919 56779926 16336
0.024425842 56779926 15971
0.024404882 56779926 22082
0.024388492 56779926 20076
0.02430491 56779926 21459
0.024303013 56779926 16443
0.024156988 56779926 16975
0.024131132 56779926 20123
0.02411725 56779926 20632
0.024092505 56779926 18093
0.024089959 56779926 16502
0.024072444 56779926 11464
0.02405818 56779926 22102
0.024021741 56779926 19300
0.024021741 56779926 19300
0.02401777 56779926 17248
0.023993786 56779926 20799
0.023890618 56779926 15854
0.02374199 56779926 16983
0.023739073 56779926 20892
0.02366283 56779926 19500
0.02366069 56779926 18591
0.023657348 56779926 13359
0.023304684 56779926 17320
0.023071393 56779926 18995
0.023038985 56779926 12826
0.022976581 56779926 16425
0.022967404 56779926 22081
0.022953518 56779926 12312
0.022946818 56779926 14026
0.022866048 56779926 19090
0.022861969 56779926 14388
0.022810448 56779926 19249
0.022798901 56779926 18573
0.022798901 56779926 18555
0.022796396 56779926 19550
0.022707287 56779926 17592
0.02269353 56779926 19622
0.02267763 56779926 18996
0.022636008 56779926 17643
0.02263271 56779926 20830
0.022614967 56779926 20295
0.022614734 56779926 18510
0.022614505 56779926 18552
0.022572663 56779926 17988
0.02245004 56779926 16076
0.022430807 56779926 18323
0.022421876 56779926 16050
0.02241711 56779926 16308
0.022372121 56779926 16466
0.022352185 56779926 18624
0.022352185 56779926 18595
0.022352185 56779926 18593
0.022352185 56779926 18592
0.02233604 56779926 10441
0.022318587 56779926 19044
0.022211825 56779926 16442
0.02216113 56779926 14844
0.022137342 56779926 20098
0.022131514 56779926 19647
0.022127366 56779926 18647
0.022089709 56779926 19205
0.022077728 56779926 20406
0.022056276 56779926 12959
0.021994786 56779926 17787
0.021943387 56779926 21300
0.02192451 56779926 16225
0.021890374 56779926 18079
0.02183333 56779926 17967
0.021812527 56779926 16716
0.021806024 56779926 14749
0.021743458 56779926 14630
0.021641595 56779926 15814
0.021594536 56779926 17739
0.021582339 56779926 16600
0.021564176 56779926 17729
0.021528615 56779926 16292
0.021493133 56779926 17651
0.021429311 56779926 18074
0.021429114 56779926 20731
0.021396486 56779926 20654
0.021396475 56779926 21524
0.021373026 56779926 19799
0.021305671 56779926 17547
0.021281186 56779926 22276
0.021169543 56779926 19910
0.021128852 56779926 18057
0.021063592 56779926 22008
0.021019295 56779926 16964
0.021006059 56779926 16865
0.020948086 56779926 21689
0.020868182 56779926 18773
0.02083711 56779926 19203
0.020778805 56779926 20137
0.020769536 56779926 19694
0.020717181 56779926 16061
0.020703776 56779926 16741
0.020628994 56779926 17718
0.020593671 56779926 20298
0.020558761 56779926 16917
0.020318162 56779926 19739
0.02029642 56779926 19856
0.020290053 56779926 17935
0.020267973 56779926 12313
0.020256644 56779926 16900
0.020213118 56779926 20454
0.020173732 56779926 17601
0.020154972 56779926 19441
0.020054497 56779926 18541
0.019987877 56779926 18739
0.019892305 56779926 21933
0.019884244 56779926 18699
0.019870969 56779926 17754
0.019827388 56779926 17230
0.019773655 56779926 21272
0.019704774 56779926 13207
0.019580659 56779926 21550
0.019439995 56779926 18575
0.01937937 56779926 16911
0.019244578 56779926 20146
0.01918961 56779926 16532
0.019138794 56779926 16258
0.019090729 56779926 18127
0.019068995 56779926 22022
0.019048432 56779926 20385
0.019045502 56779926 20208
0.018977918 56779926 16252
0.01894422 56779926 22074
0.018903796 56779926 12330
0.01885999 56779926 17676
0.018857753 56779926 21551
0.01879771 56779926 14214
0.018789273 56779926 21944
0.018713355 56779926 15848
0.018706545 56779926 17898
0.01864411 56779926 10377
0.018643957 56779926 10378
0.01855716 56779926 18939
0.018494446 56779926 19317
0.018478468 56779926 18697
0.018372437 56779926 17459
0.018338364 56779926 19959
0.018212222 56779926 10760
0.018205233 56779926 21957
0.018197088 56779926 18417
0.018180087 56779926 20245
0.018140353 56779926 19440
0.018140353 56779926 18347
0.018138863 56779926 19648
0.018132947 56779926 20537
0.018102821 56779926 20447
0.018078767 56779926 18446
0.018048968 56779926 19819
0.018045746 56779926 20243
0.018039756 56779926 16860
0.017960537 56779926 17279
0.017872542 56779926 20005
0.017872542 56779926 19930
0.017872542 56779926 19359
0.017872542 56779926 18367
0.017872542 56779926 18109
0.017872542 56779926 18041
0.017822165 56779926 20484
0.017800186 56779926 19370
0.017800186 56779926 18614
0.017800186 56779926 17920
0.017800186 56779926 16199
0.017780047 56779926 17565
0.017697917 56779926 21741
0.017648008 56779926 20440
0.01751105 56779926 18159
0.017493349 56779926 17571
0.017394893 56779926 22077
0.017394893 56779926 21107
0.017394893 56779926 20880
0.017394893 56779926 19678
0.017394893 56779926 19464
0.017394893 56779926 18671
0.017394893 56779926 18641
0.017394893 56779926 18429
0.017394893 56779926 18424
0.017394893 56779926 18400
0.017394893 56779926 18399
0.017394893 56779926 18397
0.017394893 56779926 18381
0.017394893 56779926 18369
0.017394893 56779926 18096
0.017394893 56779926 17850
0.017394893 56779926 17845
0.017394893 56779926 17280
0.017394893 56779926 17202
0.017394893 56779926 16963
0.017394893 56779926 16768
0.017394893 56779926 16680
0.017394893 56779926 16385
0.017394893 56779926 16384
0.017394893 56779926 16382
0.017394893 56779926 16381
0.017330006 56779926 17954
0.017328162 56779926 21978
0.017328162 56779926 20994
0.017328162 56779926 20306
0.017328162 56779926 19954
0.017328162 56779926 19839
0.017328162 56779926 19255
0.017328162 56779926 19081
0.017328162 56779926 18666
0.017328162 56779926 18284
0.017328162 56779926 18129
0.017328162 56779926 17980
0.017328162 56779926 17899
0.017328162 56779926 17650
0.017328162 56779926 16217
0.017328162 56779926 15159
0.017308043 56779926 17763
0.017301563 56779926 20543
0.017273713 56779926 21562
0.01725371 56779926 19470
0.017240725 56779926 17331
0.017189404 56779926 22094
0.017184759 56779926 21953
0.017163027 56779926 20829
0.017163027 56779926 20797
0.017125197 56779926 20553
0.017120803 56779926 13468
0.01707024 56779926 18499
0.017038863 56779926 19481
0.016948722 56779926 14856
0.016925827 56779926 19021
0.016925827 56779926 18251
0.016877918 56779926 20764
0.016865462 56779926 21697
0.016849855 56779926 19781
0.016848007 56779926 17765
0.016824938 56779926 16705
0.016798405 56779926 17443
0.016789932 56779926 19292
0.016781565 56779926 18731
0.016781565 56779926 18730
0.016772196 56779926 17461
0.01675433 56779926 22079
0.016732758 56779926 14650
0.016721506 56779926 18928
0.01669865 56779926 22019
0.016689688 56779926 18019
0.016655363 56779926 20639
0.016641442 56779926 15109
0.016632497 56779926 17823
0.016615637 56779926 18206
0.016490962 56779926 16355
0.016478885 56779926 17029
0.016461415 56779926 21204
0.016381329 56779926 19406
0.016364878 56779926 20121
0.016359804 56779926 17389
0.016359804 56779926 16403
0.016359178 56779926 15939
0.01635396 56779926 19600
0.016305294 56779926 16634
0.01630285 56779926 22281
0.016292633 56779926 16659
0.016233303 56779926 19433
0.016184041 56779926 17692
0.016151695 56779926 12457
0.016149212 56779926 15656
0.015991315 56779926 21621
0.01598751 56779926 18469
0.015913563 56779926 17828
0.015906936 56779926 21583
0.015899185 56779926 22410
0.01575863 56779926 20067
0.015749779 56779926 20163
0.015706547 56779926 20001
0.015644424 56779926 17541
0.015612966 56779926 18865
0.015601394 56779926 18858
0.015565436 56779926 19844
0.01552153 56779926 17514
0.015446641 56779926 17795
0.015442648 56779926 16764
0.0154204 56779926 19366
0.015398892 56779926 15308
0.015372483 56779926 17788
0.015223682 56779926 18646
0.015209563 56779926 17769
0.015168507 56779926 16526
0.015168496 56779926 17705
0.015161286 56779926 17833
0.015149806 56779926 17598
0.015149806 56779926 17575
0.015096819 56779926 16461
0.0150679555 56779926 16393
0.015051065 56779926 20429
0.015002824 56779926 18154
0.015002824 56779926 16636
0.014960678 56779926 20930
0.014925919 56779926 17176
0.014895877 56779926 16618
0.014858985 56779926 17429
0.014855927 56779926 21173
0.014825589 56779926 18836
0.014819858 56779926 15911
0.014752164 56779926 19636
0.01473372 56779926 16892
0.014710368 56779926 18213
0.014695359 56779926 18260
0.014662082 56779926 15870
0.014598183 56779926 20183
0.014595168 56779926 17607
0.014563274 56779926 19166
0.014537272 56779926 18605
0.014533214 56779926 18283
0.014435597 56779926 16931
0.014411549 56779926 22150
0.014409492 56779926 18080
0.014394617 56779926 17015
0.014386158 56779926 21216
0.014378253 56779926 19525
0.014373077 56779926 19446
0.014369161 56779926 18615
0.014304046 56779926 18524
0.014239021 56779926 21726
0.014199236 56779926 19688
0.014167662 56779926 18360
0.0140794935 56779926 19310
0.01404536 56779926 19348
0.013986301 56779926 20013
0.013963681 56779926 14357
0.013948245 56779926 22423
0.013948245 56779926 22423
0.01391989 56779926 20871
0.013918491 56779926 19392
0.013858379 56779926 18926
0.013851393 56779926 16515
0.013811529 56779926 17019
0.013789894 56779926 19393
0.013785143 56779926 16209
0.013752066 56779926 18842
0.013752066 56779926 18841
0.013714722 56779926 20557
0.013697309 56779926 18453
0.013695214 56779926 19153
0.013667486 56779926 13960
0.013640121 56779926 20893
0.013621524 56779926 17418
0.013612386 56779926 19038
0.0136114275 56779926 17581
0.013554591 56779926 16033
0.013548247 56779926 16316
0.013544987 56779926 19850
0.013483356 56779926 19851
0.013431989 56779926 19686
0.013381637 56779926 14126
0.0133784 56779926 20401
0.013335558 56779926 19320
0.013326229 56779926 20437
0.01331369 56779926 16775
0.0132857775 56779926 20651
0.013267042 56779926 20257
0.013219463 56779926 22432
0.01321836 56779926 19045
0.013204477 56779926 16216
0.013198432 56779926 17471
0.013130565 56779926 16905
0.013126339 56779926 22397
0.013066859 56779926 18062
0.013048563 56779926 17709
0.012992358 56779926 18737
0.012984354 56779926 17546
0.012962749 56779926 18483
0.012961059 56779926 15886
0.012960663 56779926 18629
0.01293496 56779926 16251
0.012931719 56779926 15828
0.0129283555 56779926 18805
0.012883273 56779926 22111
0.0128742065 56779926 19536
0.01284764 56779926 16714
0.012841236 56779926 16145
0.012834754 56779926 16495
0.012779592 56779926 15340
0.01274557 56779926 17082
0.012727177 56779926 19965
0.012727177 56779926 19965
0.012726772 56779926 10376
0.012693429 56779926 19117
0.012683537 56779926 18860
0.012672968 56779926 21176
0.012608727 56779926 17481
0.012591673 56779926 17073
0.012536265 56779926 16423
0.0125309685 56779926 18188
0.012507328 56779926 18236
0.0124812145 56779926 18357
0.012433911 56779926 21284
0.012409195 56779926 18920
0.01239903 56779926 18918
0.01235055 56779926 16603
0.012283983 56779926 18722
0.0122552905 56779926 16587
0.012242705 56779926 16658
0.012235176 56779926 19033
0.012220858 56779926 16315
0.012141276 56779926 19905
0.012120145 56779926 22386
0.012087688 56779926 16444
0.012070361 56779926 18337
0.012051704 56779926 17395
0.0119868675 56779926 17026
0.01198401 56779926 19240
0.011965072 56779926 17293
0.011954388 56779926 21533
0.01194455 56779926 18507
0.011908928 56779926 17785
0.011902204 56779926 21505
0.011898288 56779926 20222
0.011891473 56779926 21653
0.011882395 56779926 18913
0.011876776 56779926 18674
0.011845252 56779926 15803
0.01181793 56779926 16503
0.011811974 56779926 18873
0.011806221 56779926 21236
0.0116937505 56779926 20919
0.0116796 56779926 22127
0.011647163 56779926 19277
0.011640586 56779926 21501
0.011610193 56779926 19697
0.01160622 56779926 21587
0.0115769915 56779926 17303
0.011568781 56779926 16820
0.01156288 56779926 18199
0.0115074115 56779926 19841
0.011505437 56779926 20244
0.011494337 56779926 18622
0.01145911 56779926 17791
0.011419743 56779926 16383
0.011411994 56779926 18512
0.011399878 56779926 18178
0.011397438 56779926 18794
0.011393462 56779926 20442
0.011339631 56779926 18892
0.011326572 56779926 17100
0.01129987 56779926 19211
0.011279833 56779926 17628
0.011154906 56779926 17838
0.011122668 56779926 21298
0.011102658 56779926 22027
0.011102658 56779926 22026
0.011063097 56779926 19762
0.011023694 56779926 19251
0.011001083 56779926 18368
0.010998933 56779926 20554
0.010978361 56779926 19322
0.010970924 56779926 18496
0.010904353 56779926 17497
0.010903813 56779926 17417
0.010877941 56779926 16174
0.010862155 56779926 19736
0.010849544 56779926 21676
0.010795005 56779926 18376
0.010748075 56779926 21197
0.010588273 56779926 18252
0.010577539 56779926 19751
0.010573579 56779926 17760
0.01054387 56779926 17599
0.010528691 56779926 18147
0.01052229 56779926 19439
0.010491267 56779926 16793
0.010446661 56779926 18425
0.010439562 56779926 21401
0.010413413 56779926 17128
0.010396006 56779926 18318
0.010337399 56779926 17028
0.010292971 56779926 10483
0.010264645 56779926 18638
0.010235036 56779926 17746
0.010219518 56779926 17150
0.010202117 56779926 17642
0.01015038 56779926 16822
0.010096982 56779926 18862
0.010034337 56779926 19872
0.010031793 56779926 17507
0.010011999 56779926 17368
0.010010179 56779926 13799
0.009997718 56779926 17890
0.0099805 56779926 16944
0.009963644 56779926 17413
0.009958636 56779926 17622
0.009946162 56779926 22060
0.0099411355 56779926 16344
0.009932459 56779926 17630
0.009848194 56779926 14432
0.0098260185 56779926 20028
0.009789531 56779926 20316
0.009773435 56779926 16518
0.009755379 56779926 17623
0.009745343 56779926 19632
0.009710158 56779926 22066
0.009686311 56779926 19274
0.0096626505 56779926 17434
0.009659482 56779926 19401
0.009635397 56779926 20109
0.0096146725 56779926 20581
0.009609444 56779926 15487
0.009609444 56779926 15485
0.0095783295 56779926 18766
0.009552778 56779926 19635
0.0095332675 56779926 17318
0.0095311925 56779926 16887
0.009510022 56779926 18215
0.009501042 56779926 19179
0.009487605 56779926 17154
0.009475941 56779926 19269
0.009450513 56779926 16991
0.009235812 56779926 16767
0.009231915 56779926 15913
0.009173386 56779926 21607
0.00916977 56779926 18056
0.009158218 56779926 19935
0.009131101 56779926 17027
0.009099913 56779926 21579
0.0090656355 56779926 16913
0.009039177 56779926 13926
0.00899631 56779926 17030
0.008910096 56779926 17868
0.00889691 56779926 17442
0.0088259885 56779926 18709
0.008820158 56779926 19158
0.0087660225 56779926 20471
0.008715461 56779926 21219
0.0087050805 56779926 22252
0.008679437 56779926 18006
0.008618439 56779926 18077
0.00860635 56779926 18094
0.008462217 56779926 18514
0.008376112 56779926 15934
0.00834261 56779926 19738
0.008283027 56779926 17619
0.008282334 56779926 16734
0.008265277 56779926 19779
0.008232717 56779926 17200
0.008205291 56779926 19890
0.008170046 56779926 19501
0.008123688 56779926 21675
0.00807707 56779926 21641
0.008050658 56779926 21515
0.0079807555 56779926 17215
0.007946896 56779926 18204
0.00789062 56779926 16192
0.007882888 56779926 20521
0.007870265 56779926 21725
0.007838573 56779926 21274
0.007818338 56779926 20782
0.0077926363 56779926 13058
0.007789981 56779926 21295
0.0077707064 56779926 17678
0.0077366056 56779926 19241
0.0077044265 56779926 21349
0.007670856 56779926 18100
0.0076492606 56779926 17492
0.0075655943 56779926 18791
0.007356099 56779926 19668
0.0073467805 56779926 20254
0.0073467805 56779926 20252
0.007317005 56779926 18531
0.0073111956 56779926 18241
0.0073111956 56779926 18241
0.0072800815 56779926 17626
0.0072730724 56779926 20585
0.0072680265 56779926 12266
0.007110198 56779926 17254
0.00710901 56779926 17322
0.007097866 56779926 20586
0.006996822 56779926 18747
0.006982481 56779926 22115
0.006899506 56779926 20147
0.006874566 56779926 20587
0.0068650786 56779926 20588
0.00685673 56779926 18462
0.006745815 56779926 16561
0.00673143 56779926 19308
0.0066483393 56779926 16396
0.006589998 56779926 13755
0.0065893084 56779926 22243
0.006579455 56779926 17491
0.006550818 56779926 18258
0.006524084 56779926 18081
0.006500098 56779926 13756
0.0064880913 56779926 18975
0.006485506 56779926 18976
0.0064586843 56779926 21497
0.006454714 56779926 18997
0.0064217807 56779926 21167
0.006376668 56779926 22058
0.0062588635 56779926 16021
0.006238302 56779926 21934
0.006235062 56779926 18868
0.006174791 56779926 21186
0.0061505176 56779926 21690
0.006121393 56779926 12110
0.006093732 56779926 17984
0.0060186544 56779926 19004
0.005995547 56779926 15499
0.0059848297 56779926 12507
0.0059593306 56779926 16521
0.0059393393 56779926 18856
0.0059342217 56779926 20191
0.005932163 56779926 15575
0.005918213 56779926 15505
0.005895254 56779926 18847
0.0058799055 56779926 19700
0.005874607 56779926 15521
0.0058269193 56779926 22438
0.0057978244 56779926 18702
0.00578704 56779926 20093
0.0057478654 56779926 15790
0.005608438 56779926 21658
0.005590686 56779926 16485
0.005502467 56779926 20148
0.005475858 56779926 16473
0.0054252986 56779926 16471
0.005387501 56779926 20801
0.005367723 56779926 18861
0.0053000445 56779926 18539
0.0052956557 56779926 21603
0.0051573464 56779926 16477
0.0051100734 56779926 18581
0.0050888746 56779926 15283
0.005060089 56779926 19199
0.0050086235 56779926 18774
0.0049819695 56779926 17448
0.0049332418 56779926 10541
0.004890919 56779926 17205
0.0048824395 56779926 10396
0.0048537143 56779926 18576
0.0048327455 56779926 19990
0.00479891 56779926 11089
0.0047812914 56779926 22278
0.004755952 56779926 17204
0.0047050123 56779926 19285
0.004699483 56779926 14582
0.004678777 56779926 14584
0.0046147406 56779926 19093
0.004599706 56779926 12845
0.0045535997 56779926 22185
0.004510857 56779926 18282
0.0045055356 56779926 20284
0.0045055356 56779926 20283
0.0045055356 56779926 20282
0.0044245534 56779926 19729
0.004383764 56779926 17022
0.004327203 56779926 19660
0.0041313386 56779926 16813
0.0041249157 56779926 20018
0.004099915 56779926 21381
0.0040885783 56779926 18048
0.0040764017 56779926 19671
0.004049631 56779926 22331
0.0039934576 56779926 16925
0.0039537936 56779926 19136
0.003918318 56779926 18050
0.003918318 56779926 18033
0.0037484819 56779926 20514
0.003708008 56779926 19445
0.0036505598 56779926 18458
0.0035010776 56779926 16420
0.0033868565 56779926 19859
0.0033259918 56779926 19342
0.003185141 56779926 18725
0.0031819376 56779926 17706
0.0031318206 56779926 20890
0.0031046837 56779926 16645
0.0030237033 56779926 21661
0.0029268279 56779926 18413
0.0029122315 56779926 18470
0.0027410202 56779926 18902
0.0027308532 56779926 21040
0.0026062157 56779926 19030
0.0025966915 56779926 20501
0.002588518 56779926 19547
0.0025533435 56779926 21535
0.0024822108 56779926 16640
0.002425824 56779926 20929
0.0023975212 56779926 22355
0.0023975212 56779926 21140
0.0023975212 56779926 19237
0.0023975212 56779926 19218
0.0023975212 56779926 19049
0.0023975212 56779926 17891
0.0023767485 56779926 18554
0.0023767485 56779926 17764
0.0023767485 56779926 17263
0.0023754472 56779926 17001
0.0023736935 56779926 17783
0.0023487916 56779926 22247
0.00229947 56779926 20213
0.002272513 56779926 20536
0.002272513 56779926 20273
0.0022248186 56779926 21363
0.0022248186 56779926 21327
0.0022248186 56779926 21079
0.0022248186 56779926 20669
0.0022248186 56779926 19900
0.0022248186 56779926 18907
0.0022248186 56779926 17893
0.0022248186 56779926 17123
0.0022248186 56779926 16567
0.0022248186 56779926 16311
0.0022248186 56779926 13091
0.002208189 56779926 21988
0.002208189 56779926 20425
0.002208189 56779926 18011
0.002208189 56779926 17562
0.002208189 56779926 16969
0.002208189 56779926 16240
0.002208189 56779926 16212
0.0021328458 56779926 20807
0.0020940583 56779926 20386
0.0020801744 56779926 21964
0.0020691862 56779926 22025
0.0020255563 56779926 13749
0.0020125662 56779926 18103
0.0020125662 56779926 18103
0.001985319 56779926 15432
0.0019614059 56779926 15163
0.0019601234 56779926 18654
0.0019560566 56779926 16069
0.0019493183 56779926 16924
0.0019354569 56779926 18175
0.0019254857 56779926 13054
0.0017725716 56779926 18990
0.0017171273 56779926 20020
0.0016781719 56779926 20629
0.0016410474 56779926 17032
0.0016343397 56779926 18211
0.0016343397 56779926 17859
0.0016343397 56779926 15949
0.0016129513 56779926 18779
0.0016051398 56779926 19327
0.0016031167 56779926 17238
0.0016001072 56779926 22005
0.0015875548 56779926 17376
0.0015711276 56779926 19583
0.0015512139 56779926 11944
0.0015403675 56779926 21683
0.0015381767 56779926 16441
0.0015180339 56779926 17897
0.0015180339 56779926 17792
0.0015180339 56779926 17033
0.0015180339 56779926 17031
0.0015180339 56779926 16943
0.0015180339 56779926 16942
0.0015180339 56779926 16806
0.0015180339 56779926 16792
0.0015180339 56779926 16783
0.0015127197 56779926 17554
0.001480618 56779926 18904
0.0014756714 56779926 21962
0.0013906864 56779926 20842
0.0013819807 56779926 20473
0.001338351 56779926 20132
0.0013168309 56779926 19665
0.0013168309 56779926 19421
0.001304655 56779926 18808
0.0013007057 56779926 21852
0.0012975349 56779926 22310
0.0012920618 56779926 16340
0.0012920618 56779926 16339
0.0012920618 56779926 16337
0.0012920618 56779926 16335
0.001285819 56779926 20615
0.0012775132 56779926 11489
0.0012722664 56779926 19548
0.0012629058 56779926 20759
0.0012617353 56779926 19390
0.0012415665 56779926 19725
0.0012367325 56779926 21973
0.0012352662 56779926 15892
0.0012194238 56779926 19178
0.0012161627 56779926 20528
0.0012116273 56779926 19273
0.0011853767 56779926 16751
0.0011747141 56779926 21958
0.0011647848 56779926 21885
0.0011530694 56779926 20383
0.001147486 56779926 14419
0.0011354891 56779926 22088
0.0011335786 56779926 16568
0.0010900744 56779926 16922
0.0010759915 56779926 18179
0.0010752166 56779926 18899
0.001073982 56779926 17005
0.0010676639 56779926 21312
0.0010473533 56779926 19576
0.001043409 56779926 18633
0.001043409 56779926 18632
0.0010397154 56779926 16889
0.0010253768 56779926 19760
0.0010245857 56779926 18626
0.0010072272 56779926 15881
0.001002736 56779926 16120
0.001001746 56779926 14019
0.0009979669 56779926 17016
0.0009969568 56779926 15697
0.0009956675 56779926 17234
0.0009825258 56779926 17478
0.0009791687 56779926 21586
0.00095769204 56779926 16375
0.00094982743 56779926 17972
0.0009496252 56779926 20572
0.0009483075 56779926 20504
0.00094378623 56779926 18013
0.00093528035 56779926 19901
0.00093198684 56779926 17324
0.00092804537 56779926 19904
0.00092786585 56779926 16974
0.000914161 56779926 17479
0.00089608174 56779926 17698
0.0008853397 56779926 19785
0.00088275835 56779926 19926
0.0008599085 56779926 17917
0.0008584671 56779926 19958
0.00085673574 56779926 16883
0.0008404357 56779926 18684
0.00083550607 56779926 19874
0.00081830786 56779926 22408
0.0008056245 56779926 14181
0.00079414557 56779926 21982
0.00079001667 56779926 16904
0.0007894896 56779926 17080
0.0007762589 56779926 16029
0.0007729596 56779926 18395
0.0007558642 56779926 19275
0.00075529236 56779926 20503
0.0007543361 56779926 16068
0.0007479611 56779926 18630
0.0007476828 56779926 22182
0.0007432037 56779926 17304
0.0007267677 56779926 19950
0.0007264828 56779926 17211
0.0007264828 56779926 17183
0.000719198 56779926 17821
0.0007159898 56779926 16343
0.00071438594 56779926 22267
0.00070904504 56779926 18263
0.00070534716 56779926 19784
0.00070523896 56779926 14009
0.0007008956 56779926 20564
0.0007008956 56779926 20563
0.0007008956 56779926 20562
0.0007008956 56779926 20561
0.00068729965 56779926 13762
0.00068599265 56779926 18520
0.00067753036 56779926 17726
0.0006753026 56779926 20904
0.0006623004 56779926 16016
0.0006610405 56779926 15871
0.0006522865 56779926 19957
0.00064863777 56779926 17986
0.00064670655 56779926 16422
0.0006408876 56779926 17902
0.00063200505 56779926 19816
0.0006299215 56779926 16391
0.000616608 56779926 22007
0.00061569246 56779926 19868
0.00061535684 56779926 18365
0.0006053965 56779926 20139
0.0006039842 56779926 22103
0.0006025101 56779926 20314
0.0006003848 56779926 15417
0.0005992681 56779926 20107
0.00059542415 56779926 19861
0.0005866139 56779926 16833
0.0005812887 56779926 20843
0.00057942985 56779926 20378
0.00055369176 56779926 17486
0.00055282854 56779926 20489
0.00055166485 56779926 19234
0.00053472066 56779926 17222
0.0005326961 56779926 16682
0.0005201107 56779926 17668
0.00051667175 56779926 20949
0.0005022304 56779926 17171
0.00046180168 56779926 18366
0.00043638152 56779926 16002
0.00042569454 56779926 15358
0.0004215484 56779926 17973
0.00041577045 56779926 15029
0.00041364698 56779926 17345
0.00041102618 56779926 16531
0.00040675703 56779926 15879
0.00040355558 56779926 16962
0.0004000676 56779926 20235
0.00039726877 56779926 16135
0.00039658952 56779926 19818
0.0003866807 56779926 21411
0.0003778075 56779926 16513
0.0003720988 56779926 16842
0.0003637926 56779926 16497
0.00035999512 56779926 19352
0.00035873646 56779926 19361
0.00033228353 56779926 20190
0.00030181746 56779926 18371
0.00029758428 56779926 16417
0.0002956777 56779926 17186
0.0002770499 56779926 16378
0.00025546429 56779926 19394
0.00021887511 56779926 17439
0.00016156171 56779926 18812
0.00015918001 56779926 18361
0.00015394998 56779926 18370
5.988964e-05 56779926 18364
0.0 56779926 22443
0.0 56779926 22440
0.0 56779926 22436
0.0 56779926 22347
0.0 56779926 22334
0.0 56779926 22333
0.0 56779926 22323
0.0 56779926 22318
0.0 56779926 22293
0.0 56779926 22291
0.0 56779926 22288
0.0 56779926 22272
0.0 56779926 22211
0.0 56779926 22210
0.0 56779926 22207
0.0 56779926 22193
0.0 56779926 22179
0.0 56779926 22138
0.0 56779926 22134
0.0 56779926 22108
0.0 56779926 22090
0.0 56779926 22078
0.0 56779926 22046
0.0 56779926 22036
0.0 56779926 22011
0.0 56779926 21981
0.0 56779926 21971
0.0 56779926 21959
0.0 56779926 21939
0.0 56779926 21938
0.0 56779926 21917
0.0 56779926 21913
0.0 56779926 21908
0.0 56779926 21895
0.0 56779926 21877
0.0 56779926 21866
0.0 56779926 21821
0.0 56779926 21819
0.0 56779926 21818
0.0 56779926 21814
0.0 56779926 21808
0.0 56779926 21780
0.0 56779926 21765
0.0 56779926 21764
0.0 56779926 21749
0.0 56779926 21723
0.0 56779926 21722
0.0 56779926 21713
0.0 56779926 21707
0.0 56779926 21686
0.0 56779926 21677
0.0 56779926 21659
0.0 56779926 21606
0.0 56779926 21539
0.0 56779926 21513
0.0 56779926 21440
0.0 56779926 21412
0.0 56779926 21384
0.0 56779926 21379
0.0 56779926 21378
0.0 56779926 21333
0.0 56779926 21307
0.0 56779926 21244
0.0 56779926 21190
0.0 56779926 21183
0.0 56779926 21170
0.0 56779926 21168
0.0 56779926 21153
0.0 56779926 21151
0.0 56779926 21145
0.0 56779926 21127
0.0 56779926 21125
0.0 56779926 21118
0.0 56779926 21066
0.0 56779926 21058
0.0 56779926 21050
0.0 56779926 21035
0.0 56779926 21010
0.0 56779926 21006
0.0 56779926 20968
0.0 56779926 20967
0.0 56779926 20922
0.0 56779926 20900
0.0 56779926 20852
0.0 56779926 20833
0.0 56779926 20810
0.0 56779926 20806
0.0 56779926 20784
0.0 56779926 20780
0.0 56779926 20770
0.0 56779926 20751
0.0 56779926 20708
0.0 56779926 20680
0.0 56779926 20664
0.0 56779926 20624
0.0 56779926 20621
0.0 56779926 20620
0.0 56779926 20619
0.0 56779926 20616
0.0 56779926 20460
0.0 56779926 20457
0.0 56779926 20275
0.0 56779926 20253
0.0 56779926 20202
0.0 56779926 20077
0.0 56779926 20034
0.0 56779926 19967
0.0 56779926 19917
0.0 56779926 19892
0.0 56779926 19865
0.0 56779926 19860
0.0 56779926 19843
0.0 56779926 19833
0.0 56779926 19820
0.0 56779926 19817
0.0 56779926 19811
0.0 56779926 19796
0.0 56779926 19761
0.0 56779926 19756
0.0 56779926 19746
0.0 56779926 19695
0.0 56779926 19675
0.0 56779926 19674
0.0 56779926 19652
0.0 56779926 19606
0.0 56779926 19597
0.0 56779926 19528
0.0 56779926 19472
0.0 56779926 19454
0.0 56779926 19453
0.0 56779926 19450
0.0 56779926 19429
0.0 56779926 19411
0.0 56779926 19398
0.0 56779926 19335
0.0 56779926 19332
0.0 56779926 19287
0.0 56779926 19282
0.0 56779926 19276
0.0 56779926 19268
0.0 56779926 19236
0.0 56779926 19216
0.0 56779926 19213
0.0 56779926 19182
0.0 56779926 19176
0.0 56779926 19164
0.0 56779926 19134
0.0 56779926 19130
0.0 56779926 19056
0.0 56779926 19029
0.0 56779926 19023
0.0 56779926 19022
0.0 56779926 19007
0.0 56779926 18942
0.0 56779926 18941
0.0 56779926 18929
0.0 56779926 18903
0.0 56779926 18874
0.0 56779926 18848
0.0 56779926 18803
0.0 56779926 18799
0.0 56779926 18789
0.0 56779926 18777
0.0 56779926 18758
0.0 56779926 18719
0.0 56779926 18717
0.0 56779926 18698
0.0 56779926 18679
0.0 56779926 18660
0.0 56779926 18657
0.0 56779926 18634
0.0 56779926 18587
0.0 56779926 18545
0.0 56779926 18533
0.0 56779926 18511
0.0 56779926 18503
0.0 56779926 18502
0.0 56779926 18494
0.0 56779926 18481
0.0 56779926 18480
0.0 56779926 18467
0.0 56779926 18465
0.0 56779926 18444
0.0 56779926 18432
0.0 56779926 18401
0.0 56779926 18394
0.0 56779926 18362
0.0 56779926 18351
0.0 56779926 18331
0.0 56779926 18311
0.0 56779926 18305
0.0 56779926 18269
0.0 56779926 18230
0.0 56779926 18202
0.0 56779926 18190
0.0 56779926 18161
0.0 56779926 18142
0.0 56779926 18141
0.0 56779926 18099
0.0 56779926 18052
0.0 56779926 18034
0.0 56779926 17997
0.0 56779926 17981
0.0 56779926 17975
0.0 56779926 17974
0.0 56779926 17936
0.0 56779926 17931
0.0 56779926 17918
0.0 56779926 17912
0.0 56779926 17901
0.0 56779926 17872
0.0 56779926 17870
0.0 56779926 17862
0.0 56779926 17848
0.0 56779926 17812
0.0 56779926 17808
0.0 56779926 17714
0.0 56779926 17595
0.0 56779926 17591
0.0 56779926 17589
0.0 56779926 17515
0.0 56779926 17504
0.0 56779926 17498
0.0 56779926 17425
0.0 56779926 17411
0.0 56779926 17404
0.0 56779926 17401
0.0 56779926 17399
0.0 56779926 17396
0.0 56779926 17365
0.0 56779926 17357
0.0 56779926 17329
0.0 56779926 17327
0.0 56779926 17311
0.0 56779926 17310
0.0 56779926 17308
0.0 56779926 17305
0.0 56779926 17302
0.0 56779926 17299
0.0 56779926 17297
0.0 56779926 17295
0.0 56779926 17294
0.0 56779926 17287
0.0 56779926 17250
0.0 56779926 17226
0.0 56779926 17225
0.0 56779926 17181
0.0 56779926 17175
0.0 56779926 17169
0.0 56779926 17168
0.0 56779926 17165
0.0 56779926 17164
0.0 56779926 17158
0.0 56779926 17155
0.0 56779926 17135
0.0 56779926 17113
0.0 56779926 17110
0.0 56779926 17106
0.0 56779926 17074
0.0 56779926 17066
0.0 56779926 17065
0.0 56779926 16957
0.0 56779926 16955
0.0 56779926 16951
0.0 56779926 16948
0.0 56779926 16875
0.0 56779926 16866
0.0 56779926 16838
0.0 56779926 16836
0.0 56779926 16821
0.0 56779926 16818
0.0 56779926 16804
0.0 56779926 16774
0.0 56779926 16770
0.0 56779926 16747
0.0 56779926 16744
0.0 56779926 16722
0.0 56779926 16709
0.0 56779926 16693
0.0 56779926 16608
0.0 56779926 16593
0.0 56779926 16592
0.0 56779926 16591
0.0 56779926 16586
0.0 56779926 16578
0.0 56779926 16569
0.0 56779926 16563
0.0 56779926 16558
0.0 56779926 16557
0.0 56779926 16483
0.0 56779926 16433
0.0 56779926 16418
0.0 56779926 16409
0.0 56779926 16395
0.0 56779926 16362
0.0 56779926 16318
0.0 56779926 16275
0.0 56779926 16268
0.0 56779926 16227
0.0 56779926 16215
0.0 56779926 16208
0.0 56779926 16201
0.0 56779926 16130
0.0 56779926 16122
0.0 56779926 16119
0.0 56779926 16078
0.0 56779926 16019
0.0 56779926 15985
0.0 56779926 15942
0.0 56779926 15935
0.0 56779926 15924
0.0 56779926 15908
0.0 56779926 15903
0.0 56779926 15874
0.0 56779926 15827
0.0 56779926 15812
0.0 56779926 15566
0.0 56779926 15518
0.0 56779926 15461
0.0 56779926 15437
0.0 56779926 15402
0.0 56779926 15279
0.0 56779926 15158
0.0 56779926 14970
0.0 56779926 14929
0.0 56779926 14889
0.0 56779926 14819
0.0 56779926 14765
0.0 56779926 14636
0.0 56779926 14340
0.0 56779926 13982
0.0 56779926 12321
0.0 56779926 11651
0.0 56779926 11473
0.0 56779926 10816
0.0 56779926 10751
0.0 56779926 10509
0.0 56779926 9384
0.0 56779926 7157

