0.16291024 09693750 17461
0.15892993 09693750 16016
0.1494886 09693750 16502
0.14768264 09693750 21971
0.14497931 09693750 18779
0.13954249 09693750 21641
0.13129683 09693750 21378
0.12497769 09693750 20441
0.123502046 09693750 19038
0.12338069 09693750 18048
0.12307283 09693750 20737
0.12129079 09693750 19398
0.120557666 09693750 17429
0.117338225 09693750 22240
0.11084563 09693750 19407
0.10849906 09693750 19240
0.10307839 09693750 18922
0.09550868 09693750 19863
0.09324422 09693750 16915
0.08925321 09693750 20033
0.08579472 09693750 15836
0.08361939 09693750 21379
0.08334055 09693750 22081
0.07983021 09693750 16252
0.0792684 09693750 19201
0.07868078 09693750 20086
0.07868078 09693750 20086
0.07759198 09693750 20087
0.07759198 09693750 20087
0.076725535 09693750 20085
0.074495934 09693750 21261
0.073923424 09693750 20543
0.073413886 09693750 15938
0.07336382 09693750 17460
0.073035896 09693750 22008
0.07274797 09693750 21583
0.072237834 09693750 18100
0.07129102 09693750 19299
0.071142346 09693750 22055
0.06979375 09693750 17943
0.06869058 09693750 15971
0.06859577 09693750 20731
0.06808821 09693750 16513
0.06712633 09693750 19624
0.06675908 09693750 19310
0.06626663 09693750 17673
0.066164345 09693750 20201
0.065562464 09693750 16497
0.06540091 09693750 19656
0.0638953 09693750 15283
0.06201901 09693750 18722
0.061589498 09693750 20556
0.061106678 09693750 18410
0.060445055 09693750 19622
0.059879046 09693750 19929
0.059803 09693750 22025
0.0595904 09693750 18483
0.0594863 09693750 21844
0.05903872 09693750 17698
0.058304083 09693750 21216
0.0574136 09693750 18470
0.057261094 09693750 17412
0.055994313 09693750 21019
0.055990748 09693750 21411
0.055261604 09693750 19517
0.054803036 09693750 21310
0.05455208 09693750 20139
0.05337682 09693750 19093
0.05270498 09693750 16393
0.052117854 09693750 22278
0.051187802 09693750 14582
0.04982513 09693750 19274
0.048873037 09693750 14765
0.048060488 09693750 19585
0.047978353 09693750 19278
0.04706795 09693750 20519
0.04652656 09693750 17988
0.046142686 09693750 20148
0.043925393 09693750 21509
0.043674327 09693750 17823
0.043439053 09693750 21681
0.04335779 09693750 19433
0.04294105 09693750 16051
0.04243503 09693750 19348
0.040589653 09693750 21549
0.03867788 09693750 14586
0.038086988 09693750 15521
0.037414167 09693750 20146
0.03730617 09693750 22060
0.03668638 09693750 19516
0.03528246 09693750 18510
0.035094112 09693750 20160
0.035081446 09693750 13288
0.03448057 09693750 17145
0.03422067 09693750 19779
0.03418143 09693750 21188
0.03401212 09693750 18794
0.033710837 09693750 22284
0.033015255 09693750 19367
0.032886792 09693750 13762
0.032348514 09693750 19960
0.031228734 09693750 18858
0.031148741 09693750 14647
0.031084603 09693750 18875
0.0309975 09693750 18524
0.030418355 09693750 16801
0.030414652 09693750 18628
0.030414652 09693750 18627
0.030156706 09693750 19058
0.029766176 09693750 20979
0.029705014 09693750 18670
0.02939964 09693750 18651
0.02934454 09693750 21177
0.029305927 09693750 18143
0.029073514 09693750 15999
0.029043688 09693750 16253
0.02843177 09693750 18995
0.028413864 09693750 10760
0.027946522 09693750 18996
0.027701512 09693750 20055
0.027673036 09693750 22258
0.027611472 09693750 21741
0.027564684 09693750 19743
0.027564684 09693750 19743
0.027385945 09693750 20869
0.02737701 09693750 16355
0.026974732 09693750 20516
0.026889395 09693750 16344
0.026345335 09693750 21155
0.026238993 09693750 12457
0.02620873 09693750 15910
0.02620335 09693750 19400
0.02612681 09693750 21455
0.026117567 09693750 18320
0.026007196 09693750 22082
0.025637735 09693750 22102
0.025549088 09693750 17489
0.025326896 09693750 19499
0.025089007 09693750 20409
0.024936879 09693750 18997
0.024775613 09693750 18793
0.02475328 09693750 18376
0.024552023 09693750 15108
0.02443368 09693750 12305
0.0242754 09693750 17709
0.024098506 09693750 18293
0.02393008 09693750 19386
0.023653936 09693750 17833
0.023625026 09693750 18876
0.023594009 09693750 14699
0.02334268 09693750 17621
0.023316285 09693750 16308
0.023286726 09693750 17176
0.023188965 09693750 22039
0.023134772 09693750 19866
0.023089865 09693750 19236
0.023089865 09693750 18679
0.022984903 09693750 17606
0.02287763 09693750 16512
0.022827188 09693750 20226
0.02267262 09693750 19483
0.022607325 09693750 13799
0.022553045 09693750 16593
0.022553045 09693750 15279
0.022553045 09693750 13982
0.02255019 09693750 17608
0.022426574 09693750 17034
0.02231198 09693750 19937
0.022175413 09693750 20196
0.022143902 09693750 18115
0.021970607 09693750 18609
0.021959526 09693750 18905
0.021806091 09693750 20762
0.021785488 09693750 14357
0.021783622 09693750 16279
0.0217438 09693750 21176
0.021599213 09693750 17842
0.021557128 09693750 20832
0.021489108 09693750 16336
0.021349706 09693750 18451
0.02131563 09693750 16948
0.021224163 09693750 22423
0.021224163 09693750 22423
0.021116229 09693750 21689
0.020727854 09693750 20651
0.020726591 09693750 20927
0.020601012 09693750 16216
0.020508476 09693750 18250
0.020474281 09693750 17418
0.02046676 09693750 14356
0.02039571 09693750 16964
0.02016513 09693750 18673
0.020148901 09693750 20786
0.020087061 09693750 19366
0.020044291 09693750 16714
0.020034585 09693750 16711
0.019972876 09693750 17782
0.019887773 09693750 7157
0.01972933 09693750 22434
0.019698089 09693750 17805
0.019640254 09693750 20209
0.019376019 09693750 15608
0.019207645 09693750 19519
0.019094296 09693750 22254
0.018913027 09693750 19774
0.018735707 09693750 17248
0.018722812 09693750 18697
0.018683689 09693750 15214
0.018628176 09693750 17249
0.018542117 09693750 19654
0.018530544 09693750 19009
0.018506417 09693750 19602
0.018480413 09693750 15803
0.018451877 09693750 17317
0.018200574 09693750 19694
0.01797039 09693750 19401
0.01790028 09693750 14026
0.017894607 09693750 14713
0.01751354 09693750 11257
0.017511105 09693750 16860
0.017466966 09693750 18079
0.017409705 09693750 19090
0.017360618 09693750 18177
0.017354604 09693750 18398
0.017317949 09693750 14678
0.017313622 09693750 16461
0.01728395 09693750 16980
0.017107923 09693750 16725
0.016963217 09693750 21189
0.01695871 09693750 19427
0.016865388 09693750 17415
0.016809644 09693750 21953
0.016503252 09693750 20488
0.016314216 09693750 19819
0.016283443 09693750 20792
0.016246524 09693750 17128
0.016130244 09693750 16466
0.016078036 09693750 19222
0.016058616 09693750 10483
0.015983831 09693750 20046
0.015973797 09693750 10693
0.015952433 09693750 21578
0.015717423 09693750 11210
0.015690785 09693750 17825
0.015633259 09693750 17030
0.0155261075 09693750 12871
0.015517974 09693750 22163
0.015463151 09693750 20175
0.015458002 09693750 17632
0.015429897 09693750 17787
0.01538081 09693750 21218
0.015204232 09693750 19632
0.015177416 09693750 19781
0.014843088 09693750 17056
0.01483178 09693750 19314
0.014823085 09693750 19179
0.014719744 09693750 18852
0.014711217 09693750 18373
0.014690752 09693750 19735
0.014665236 09693750 20521
0.0146157425 09693750 22390
0.014597855 09693750 15848
0.014578119 09693750 16703
0.014537072 09693750 19815
0.014535422 09693750 20067
0.0144485915 09693750 14503
0.014417912 09693750 21452
0.014417912 09693750 21451
0.014359562 09693750 21698
0.014261865 09693750 20137
0.014248122 09693750 20028
0.014213499 09693750 21576
0.01410391 09693750 22368
0.014078737 09693750 16469
0.014057217 09693750 15796
0.014030657 09693750 22276
0.014004227 09693750 20429
0.013958112 09693750 21796
0.013939341 09693750 22355
0.013939341 09693750 21140
0.013939341 09693750 19237
0.013939341 09693750 19218
0.013939341 09693750 19049
0.013939341 09693750 17891
0.013891071 09693750 22006
0.013818567 09693750 18554
0.013818567 09693750 17764
0.013818567 09693750 17263
0.01381197 09693750 18275
0.013794205 09693750 17007
0.013524441 09693750 18357
0.013446089 09693750 18077
0.013426941 09693750 22032
0.013409014 09693750 20298
0.013307735 09693750 16396
0.013286866 09693750 17320
0.013164941 09693750 20243
0.013066627 09693750 16624
0.013029123 09693750 20638
0.012935236 09693750 21363
0.012935236 09693750 21327
0.012935236 09693750 21079
0.012935236 09693750 20669
0.012935236 09693750 19900
0.012935236 09693750 18907
0.012935236 09693750 17893
0.012935236 09693750 17123
0.012935236 09693750 16567
0.012935236 09693750 16311
0.012935236 09693750 13091
0.012928854 09693750 21459
0.012838553 09693750 21988
0.012838553 09693750 20425
0.012838553 09693750 18011
0.012838553 09693750 17562
0.012838553 09693750 16969
0.012838553 09693750 16240
0.012838553 09693750 16212
0.012803562 09693750 16618
0.012793999 09693750 19598
0.01263381 09693750 16258
0.0125823375 09693750 15575
0.012463356 09693750 21524
0.01246099 09693750 19681
0.012307498 09693750 19647
0.012224572 09693750 22207
0.012224572 09693750 21866
0.012192465 09693750 18071
0.012174988 09693750 20386
0.012142867 09693750 20708
0.012142867 09693750 19606
0.012142867 09693750 19453
0.012142867 09693750 18362
0.012142867 09693750 18269
0.012142867 09693750 18052
0.012142867 09693750 17591
0.012142867 09693750 17498
0.012142867 09693750 17411
0.012142867 09693750 17181
0.012142867 09693750 17065
0.012142867 09693750 16215
0.012142867 09693750 15566
0.012094267 09693750 21964
0.011994135 09693750 21311
0.011983432 09693750 18906
0.011965247 09693750 20405
0.011856342 09693750 21533
0.011673317 09693750 18360
0.011655675 09693750 14630
0.011635187 09693750 19249
0.0116064865 09693750 19505
0.011579039 09693750 19301
0.011562765 09693750 21884
0.011499601 09693750 22079
0.011476644 09693750 19668
0.011462106 09693750 20254
0.011462106 09693750 20252
0.011461731 09693750 19282
0.011461731 09693750 18099
0.011461731 09693750 17981
0.011385897 09693750 21586
0.011340316 09693750 19940
0.011267837 09693750 17678
0.011201 09693750 19959
0.011133148 09693750 21697
0.011091148 09693750 17322
0.011025067 09693750 19961
0.011021507 09693750 18576
0.010939787 09693750 19761
0.010797106 09693750 17026
0.010701494 09693750 18153
0.010698537 09693750 20557
0.0106833195 09693750 19153
0.010672958 09693750 14856
0.010614728 09693750 17857
0.010556411 09693750 17626
0.010555263 09693750 19500
0.010553598 09693750 18469
0.010537725 09693750 12128
0.010534046 09693750 16443
0.010507295 09693750 17370
0.010499778 09693750 22268
0.010490131 09693750 13143
0.010443045 09693750 10376
0.0103979185 09693750 21512
0.0103062 09693750 18939
0.010266929 09693750 20827
0.010264961 09693750 17491
0.0102201 09693750 18086
0.010203971 09693750 16061
0.010149516 09693750 21753
0.010140553 09693750 21117
0.010135639 09693750 13468
0.010034926 09693750 19983
0.010014329 09693750 17791
0.009974398 09693750 17133
0.009940651 09693750 21726
0.009794444 09693750 20151
0.009791932 09693750 17619
0.009760436 09693750 20123
0.009756997 09693750 20629
0.009726756 09693750 17967
0.009664821 09693750 13756
0.009661559 09693750 8835
0.009595753 09693750 21690
0.009591688 09693750 20830
0.009541154 09693750 17032
0.009502156 09693750 18211
0.009502156 09693750 17859
0.009502156 09693750 15949
0.00949895 09693750 18258
0.009496833 09693750 19603
0.009484511 09693750 18523
0.009460977 09693750 22411
0.009454644 09693750 22386
0.009391378 09693750 20892
0.0092974715 09693750 16521
0.009287102 09693750 16442
0.009283306 09693750 18514
0.009274897 09693750 16972
0.009258298 09693750 20191
0.009246425 09693750 22058
0.009202984 09693750 20454
0.009186797 09693750 13359
0.009175364 09693750 20127
0.009146152 09693750 21147
0.009134636 09693750 19583
0.009041768 09693750 14844
0.009021658 09693750 18057
0.0090100095 09693750 20628
0.008961577 09693750 20250
0.008943057 09693750 16441
0.00893144 09693750 13207
0.00892567 09693750 22150
0.008912397 09693750 20251
0.008906387 09693750 20222
0.008894397 09693750 18739
0.008872543 09693750 20637
0.008844675 09693750 16471
0.008836516 09693750 18081
0.008825946 09693750 17897
0.008825946 09693750 17792
0.008825946 09693750 17033
0.008825946 09693750 17031
0.008825946 09693750 16943
0.008825946 09693750 16942
0.008825946 09693750 16806
0.008825946 09693750 16792
0.008825946 09693750 16783
0.0088235345 09693750 20662
0.008805127 09693750 13755
0.008795048 09693750 17554
0.008772976 09693750 20076
0.0087504545 09693750 17692
0.008737873 09693750 16526
0.008737786 09693750 21954
0.0087011475 09693750 16603
0.00859915 09693750 21274
0.008583429 09693750 16485
0.008569451 09693750 17019
0.008565913 09693750 21454
0.008534137 09693750 20194
0.008479077 09693750 17765
0.008436415 09693750 18842
0.008436415 09693750 18841
0.008407134 09693750 16473
0.008407079 09693750 18702
0.008349431 09693750 18093
0.00833848 09693750 20195
0.008328754 09693750 20186
0.008254864 09693750 15529
0.008132461 09693750 21658
0.008117312 09693750 15870
0.008112657 09693750 21295
0.008111853 09693750 17785
0.008085539 09693750 20842
0.008061256 09693750 13968
0.008046253 09693750 16477
0.008034924 09693750 20473
0.008017846 09693750 20098
0.007873676 09693750 16495
0.007814222 09693750 18774
0.0078081694 09693750 19072
0.007781258 09693750 20132
0.0077225002 09693750 19850
0.007702733 09693750 18465
0.007687362 09693750 19851
0.0076861065 09693750 22410
0.0076561384 09693750 19665
0.0076561384 09693750 19421
0.0076374672 09693750 20181
0.00756796 09693750 14214
0.0075381994 09693750 18725
0.0074909544 09693750 18847
0.007446258 09693750 17677
0.0074226516 09693750 21535
0.007340542 09693750 19285
0.007335809 09693750 19390
0.0073228367 09693750 19912
0.0072991103 09693750 12850
0.007222766 09693750 16634
0.0072016027 09693750 15913
0.0071252473 09693750 20206
0.0070708473 09693750 20528
0.007044478 09693750 19273
0.00703763 09693750 18282
0.006995081 09693750 20932
0.0069366675 09693750 10441
0.006934752 09693750 17653
0.0068969475 09693750 19473
0.0068664905 09693750 17542
0.006811288 09693750 15469
0.0068034963 09693750 16913
0.006785984 09693750 20990
0.006777134 09693750 21878
0.006730209 09693750 20180
0.006710647 09693750 18236
0.00670402 09693750 20383
0.006671557 09693750 14419
0.006665172 09693750 18862
0.0066138254 09693750 21653
0.0066018063 09693750 22088
0.006571264 09693750 16659
0.006520128 09693750 18836
0.00651955 09693750 21013
0.006486524 09693750 17760
0.0064676255 09693750 19205
0.0064147227 09693750 18147
0.0063993167 09693750 18254
0.0063642436 09693750 20458
0.006337763 09693750 16922
0.006316931 09693750 19528
0.006252428 09693750 17646
0.0062513775 09693750 18899
0.0062442003 09693750 17005
0.00618398 09693750 20848
0.006175179 09693750 15827
0.0061699245 09693750 19981
0.0061552897 09693750 16192
0.0061143865 09693750 21587
0.0060893786 09693750 19576
0.0060691764 09693750 17868
0.0060449713 09693750 16889
0.006038577 09693750 19686
0.0060150214 09693750 18318
0.005971995 09693750 17504
0.0059216125 09693750 21183
0.00591361 09693750 21897
0.0059010964 09693750 15934
0.005877494 09693750 19738
0.0058741407 09693750 19440
0.0058741407 09693750 18347
0.0058560832 09693750 15881
0.005850594 09693750 18103
0.005850594 09693750 18103
0.0058242152 09693750 14019
0.005813317 09693750 21621
0.005802243 09693750 17016
0.0057438356 09693750 21675
0.0057412544 09693750 21818
0.005718667 09693750 16892
0.005716631 09693750 16050
0.00571388 09693750 17788
0.0057124672 09693750 17478
0.00569016 09693750 17442
0.0056138597 09693750 16764
0.005534823 09693750 17936
0.0055223573 09693750 17972
0.0055211815 09693750 20572
0.005515723 09693750 19918
0.0055135204 09693750 20504
0.0055090836 09693750 17279
0.005488443 09693750 21933
0.005487233 09693750 18013
0.0054820925 09693750 20005
0.0054820925 09693750 19930
0.0054820925 09693750 19359
0.0054820925 09693750 18367
0.0054820925 09693750 18109
0.0054820925 09693750 18041
0.0054598986 09693750 19370
0.0054598986 09693750 18614
0.0054598986 09693750 17920
0.0054598986 09693750 16199
0.005449782 09693750 16865
0.0054186312 09693750 17324
0.0053946716 09693750 16974
0.0053656497 09693750 17434
0.005357545 09693750 19920
0.005335581 09693750 22077
0.005335581 09693750 21107
0.005335581 09693750 20880
0.005335581 09693750 19678
0.005335581 09693750 19464
0.005335581 09693750 18671
0.005335581 09693750 18641
0.005335581 09693750 18429
0.005335581 09693750 18424
0.005335581 09693750 18400
0.005335581 09693750 18399
0.005335581 09693750 18397
0.005335581 09693750 18381
0.005335581 09693750 18369
0.005335581 09693750 18096
0.005335581 09693750 17850
0.005335581 09693750 17845
0.005335581 09693750 17280
0.005335581 09693750 17202
0.005335581 09693750 16963
0.005335581 09693750 16768
0.005335581 09693750 16680
0.005335581 09693750 16385
0.005335581 09693750 16384
0.005335581 09693750 16382
0.005335581 09693750 16381
0.005315113 09693750 21978
0.005315113 09693750 20994
0.005315113 09693750 20306
0.005315113 09693750 19954
0.005315113 09693750 19839
0.005315113 09693750 19255
0.005315113 09693750 19081
0.005315113 09693750 18666
0.005315113 09693750 18284
0.005315113 09693750 18129
0.005315113 09693750 17980
0.005315113 09693750 17899
0.005315113 09693750 17650
0.005315113 09693750 16217
0.005315113 09693750 15159
0.00531499 09693750 17479
0.0052644615 09693750 20829
0.0052644615 09693750 20797
0.0052630077 09693750 19320
0.0051917043 09693750 19021
0.0051917043 09693750 18251
0.00517919 09693750 19919
0.00515262 09693750 17443
0.0051474213 09693750 19785
0.0051220213 09693750 22019
0.0051192725 09693750 18019
0.00511048 09693750 21915
0.005104474 09693750 15109
0.0050965585 09693750 18206
0.0050820336 09693750 21858
0.005070565 09693750 20530
0.005063615 09693750 15854
0.0050519328 09693750 20449
0.0050336616 09693750 19890
0.005025829 09693750 18629
0.005024689 09693750 19406
0.005018086 09693750 17389
0.005018086 09693750 16403
0.004991182 09693750 19958
0.004981116 09693750 16883
0.004889357 09693750 17481
0.0048812097 09693750 17828
0.004868589 09693750 16688
0.0048309714 09693750 20163
0.004817711 09693750 20001
0.0048105773 09693750 16640
0.004694963 09693750 17946
0.004659631 09693750 18198
0.0046583107 09693750 13402
0.0046537705 09693750 17230
0.004615583 09693750 18351
0.0046108416 09693750 18860
0.0046018567 09693750 18154
0.0046018567 09693750 16636
0.00459492 09693750 17118
0.004594072 09693750 18861
0.004590143 09693750 17080
0.004586616 09693750 19799
0.004556798 09693750 21173
0.00455638 09693750 17112
0.0045457347 09693750 15911
0.0045094285 09693750 11944
0.004476815 09693750 17607
0.0044757654 09693750 22022
0.00446941 09693750 16886
0.004457812 09693750 18283
0.0044458346 09693750 15402
0.0044370214 09693750 16291
0.0044325385 09693750 18717
0.0044278693 09693750 16931
0.004427447 09693750 15120
0.004419749 09693750 20632
0.0044159577 09693750 17448
0.0044152993 09693750 17015
0.004413584 09693750 18142
0.004407491 09693750 18615
0.0044037225 09693750 15057
0.0043946425 09693750 19275
0.0043913177 09693750 20503
0.0043844916 09693750 21661
0.004370436 09693750 14388
0.0043553696 09693750 19688
0.0043470757 09693750 22182
0.004289824 09693750 21962
0.004269256 09693750 19392
0.004229811 09693750 19393
0.0042131287 09693750 18622
0.004200546 09693750 19300
0.004200546 09693750 19300
0.0041983686 09693750 18080
0.004198129 09693750 20312
0.004193943 09693750 18924
0.0041628103 09693750 16343
0.00415569 09693750 16316
0.0041534854 09693750 22267
0.0041342373 09693750 18879
0.0041103386 09693750 19117
0.0041100928 09693750 18159
0.004091101 09693750 11089
0.004085318 09693750 17136
0.004083744 09693750 16775
0.004062871 09693750 21186
0.0040446585 09693750 17892
0.0040080324 09693750 18062
0.0039941138 09693750 22291
0.003990866 09693750 18453
0.00398518 09693750 18737
0.0039793546 09693750 21945
0.0039560907 09693750 18199
0.0039544534 09693750 16174
0.0039388263 09693750 16145
0.003925571 09693750 13749
0.0039211283 09693750 15814
0.0039199176 09693750 15340
0.003903841 09693750 19965
0.003903841 09693750 19965
0.0038899065 09693750 18499
0.0038436574 09693750 18188
0.0038207585 09693750 20052
0.0038123108 09693750 19739
0.0038063058 09693750 18920
0.0037924356 09693750 19957
0.0037895953 09693750 18647
0.0037668229 09693750 18805
0.0037656974 09693750 19917
0.0037641865 09693750 18646
0.0037620491 09693750 19550
0.003759993 09693750 16422
0.0037579508 09693750 17028
0.0037560647 09693750 16340
0.0037560647 09693750 16339
0.0037560647 09693750 16337
0.0037560647 09693750 16335
0.0037536873 09693750 22111
0.0037509566 09693750 18175
0.0037485363 09693750 16315
0.0037331579 09693750 19454
0.003713772 09693750 11489
0.0037076885 09693750 16444
0.0037048424 09693750 16716
0.0037029618 09693750 18865
0.0036745176 09693750 19816
0.003665532 09693750 20764
0.0036624037 09693750 16391
0.0036525826 09693750 16423
0.0036487712 09693750 17487
0.0036372652 09693750 18213
0.0036249452 09693750 16503
0.0036231186 09693750 18873
0.0036213535 09693750 21236
0.003582515 09693750 22127
0.003570548 09693750 21501
0.0035670502 09693750 16658
0.0035485234 09693750 16820
0.003548088 09693750 18069
0.003548088 09693750 18069
0.003539153 09693750 18416
0.003529699 09693750 19841
0.0035028083 09693750 16383
0.003502752 09693750 20109
0.0035017666 09693750 17763
0.0034782353 09693750 18892
0.0034752323 09693750 17884
0.0034423 09693750 18573
0.0034423 09693750 18555
0.0034144588 09693750 18552
0.0034055477 09693750 22027
0.0034055477 09693750 22026
0.0034054318 09693750 18699
0.0033895974 09693750 18926
0.0033796492 09693750 20843
0.0033748525 09693750 18624
0.0033748525 09693750 18595
0.0033748525 09693750 18593
0.0033748525 09693750 18592
0.0033743915 09693750 18368
0.0033651409 09693750 18496
0.0033593928 09693750 16420
0.0033452662 09693750 20387
0.0033445559 09693750 17417
0.00332234 09693750 19480
0.0033131298 09693750 21300
0.0032753553 09693750 20890
0.0032731197 09693750 20406
0.0032604581 09693750 17739
0.0032566742 09693750 20369
0.0032528075 09693750 20183
0.0032477693 09693750 18252
0.003245148 09693750 17651
0.0032261587 09693750 21676
0.0032191994 09693750 17486
0.0032180143 09693750 16793
0.0032141805 09693750 20489
0.0032021548 09693750 21401
0.0031867085 09693750 20471
0.0031648118 09693750 19736
0.003148502 09693750 18638
0.0031346597 09693750 17150
0.0031293228 09693750 17642
0.0031146759 09693750 17718
0.0031089 09693750 17222
0.0031075317 09693750 14542
0.0031038679 09693750 20224
0.0030971288 09693750 16682
0.0030770786 09693750 17507
0.003071007 09693750 17368
0.0030695982 09693750 19731
0.0030498388 09693750 12312
0.0030409798 09693750 19136
0.0030370913 09693750 19044
0.0030036918 09693750 12313
0.003002769 09693750 20316
0.003000225 09693750 17754
0.0029688403 09693750 17601
0.002965687 09693750 19856
0.002961488 09693750 17730
0.0029549194 09693750 19470
0.0029526956 09693750 17331
0.0029475307 09693750 15487
0.0029475307 09693750 15485
0.0029389937 09693750 21255
0.0029364626 09693750 19923
0.0029351546 09693750 18575
0.0029181237 09693750 19481
0.002869383 09693750 14432
0.0028656994 09693750 14650
0.0028569787 09693750 18891
0.0028561107 09693750 19158
0.002849562 09693750 22061
0.0028386314 09693750 17690
0.0028329252 09693750 16767
0.0028179903 09693750 18812
0.002809125 09693750 19935
0.0027932124 09693750 19292
0.002789302 09693750 19233
0.0027840976 09693750 19872
0.0027819518 09693750 12330
0.0027746817 09693750 17738
0.0027609225 09693750 19269
0.002719581 09693750 20554
0.0027188899 09693750 19901
0.002715116 09693750 16925
0.002707219 09693750 18709
0.0027035829 09693750 17707
0.0026982294 09693750 17984
0.0026913814 09693750 19511
0.0026890677 09693750 17643
0.0026845268 09693750 17565
0.0026733165 09693750 21219
0.002647621 09693750 21404
0.0026412394 09693750 17571
0.0026238596 09693750 19762
0.0026128588 09693750 14749
0.0026095647 09693750 17674
0.0026063845 09693750 16976
0.0026053614 09693750 22154
0.0025977995 09693750 17705
0.0025725553 09693750 17231
0.0025661169 09693750 19536
0.0025432738 09693750 17898
0.0025252437 09693750 17200
0.0025203573 09693750 17598
0.0025203573 09693750 17575
0.00250602 09693750 19501
0.0024760356 09693750 16367
0.0024750151 09693750 15358
0.0024667347 09693750 19525
0.0024509092 09693750 17973
0.0024460694 09693750 17838
0.002440729 09693750 17769
0.0024296076 09693750 18902
0.0024173157 09693750 15029
0.00240497 09693750 17345
0.0023866745 09693750 16905
0.0023805485 09693750 18425
0.0023649111 09693750 15879
0.0023505636 09693750 20035
0.002346298 09693750 16962
0.002332512 09693750 19600
0.0023313006 09693750 20904
0.0023249271 09693750 15499
0.002316284 09693750 22397
0.0023097459 09693750 16135
0.0023057966 09693750 19818
0.0023004322 09693750 17729
0.0022966035 09693750 16904
0.0022949388 09693750 15505
0.0022803333 09693750 20581
0.002269504 09693750 20068
0.002255031 09693750 17676
0.0022083481 09693750 14126
0.002192245 09693750 16033
0.0021878688 09693750 16309
0.0021750769 09693750 20156
0.0021713749 09693750 21839
0.0021679683 09693750 17219
0.002141755 09693750 22115
0.0021312013 09693750 16975
0.0021074822 09693750 20447
0.0021055678 09693750 17001
0.0021032214 09693750 21957
0.0021021497 09693750 13058
0.002095207 09693750 20799
0.002061773 09693750 17710
0.0020501523 09693750 14009
0.0020061638 09693750 17954
0.002004917 09693750 20295
0.0020031075 09693750 17581
0.0019665584 09693750 15790
0.0019609355 09693750 19729
0.0019487896 09693750 17582
0.0019319176 09693750 20190
0.0019232736 09693750 20157
0.0019216657 09693750 15871
0.0018860807 09693750 20385
0.0018780301 09693750 10377
0.0018554117 09693750 16292
0.0018460318 09693750 10378
0.0018035591 09693750 19700
0.001765309 09693750 17027
0.0017624948 09693750 20204
0.0017463953 09693750 15939
0.0017453379 09693750 15417
0.001730174 09693750 16417
0.0017204026 09693750 19030
0.0016861197 09693750 20093
0.0016398934 09693750 22301
0.0016376162 09693750 19990
0.0016373154 09693750 21530
0.001624758 09693750 17538
0.0015919699 09693750 17599
0.0015753407 09693750 15656
0.0015728741 09693750 20455
0.0015227915 09693750 17628
0.0015172978 09693750 17553
0.0014874273 09693750 15722
0.0014830524 09693750 19241
0.0014289249 09693750 19045
0.0014202081 09693750 17029
0.0014124135 09693750 20553
0.0014116676 09693750 20437
0.00141088 09693750 12845
0.0014063228 09693750 18731
0.0014063228 09693750 18730
0.0013598299 09693750 19648
0.0012672164 09693750 16813
0.001201164 09693750 22185
0.0011935033 09693750 12959
0.0011501658 09693750 16074
0.0011356951 09693750 17623
0.0010796421 09693750 16077
0.0010747109 09693750 12826
0.0010705306 09693750 16991
0.0010376467 09693750 18050
0.0010376467 09693750 18033
0.00086106884 09693750 19868
0.00070298725 09693750 18094
0.00060826656 09693750 20893
0.000472481 09693750 21683
0.0004229034 09693750 19342
0.000304009 09693750 18633
0.000304009 09693750 18632
0.0 09693750 22443
0.0 09693750 22440
0.0 09693750 22438
0.0 09693750 22436
0.0 09693750 22432
0.0 09693750 22408
0.0 09693750 22392
0.0 09693750 22384
0.0 09693750 22361
0.0 09693750 22350
0.0 09693750 22347
0.0 09693750 22334
0.0 09693750 22333
0.0 09693750 22331
0.0 09693750 22323
0.0 09693750 22318
0.0 09693750 22310
0.0 09693750 22294
0.0 09693750 22293
0.0 09693750 22288
0.0 09693750 22282
0.0 09693750 22281
0.0 09693750 22272
0.0 09693750 22253
0.0 09693750 22252
0.0 09693750 22247
0.0 09693750 22243
0.0 09693750 22237
0.0 09693750 22214
0.0 09693750 22211
0.0 09693750 22210
0.0 09693750 22198
0.0 09693750 22193
0.0 09693750 22183
0.0 09693750 22179
0.0 09693750 22138
0.0 09693750 22134
0.0 09693750 22108
0.0 09693750 22103
0.0 09693750 22094
0.0 09693750 22090
0.0 09693750 22078
0.0 09693750 22075
0.0 09693750 22074
0.0 09693750 22066
0.0 09693750 22046
0.0 09693750 22038
0.0 09693750 22036
0.0 09693750 22015
0.0 09693750 22011
0.0 09693750 22007
0.0 09693750 22005
0.0 09693750 21989
0.0 09693750 21982
0.0 09693750 21981
0.0 09693750 21976
0.0 09693750 21973
0.0 09693750 21959
0.0 09693750 21958
0.0 09693750 21944
0.0 09693750 21939
0.0 09693750 21938
0.0 09693750 21934
0.0 09693750 21921
0.0 09693750 21917
0.0 09693750 21913
0.0 09693750 21908
0.0 09693750 21902
0.0 09693750 21895
0.0 09693750 21885
0.0 09693750 21877
0.0 09693750 21852
0.0 09693750 21843
0.0 09693750 21842
0.0 09693750 21821
0.0 09693750 21819
0.0 09693750 21814
0.0 09693750 21808
0.0 09693750 21798
0.0 09693750 21780
0.0 09693750 21765
0.0 09693750 21764
0.0 09693750 21749
0.0 09693750 21725
0.0 09693750 21723
0.0 09693750 21722
0.0 09693750 21713
0.0 09693750 21707
0.0 09693750 21706
0.0 09693750 21686
0.0 09693750 21677
0.0 09693750 21659
0.0 09693750 21607
0.0 09693750 21606
0.0 09693750 21603
0.0 09693750 21579
0.0 09693750 21562
0.0 09693750 21551
0.0 09693750 21550
0.0 09693750 21539
0.0 09693750 21519
0.0 09693750 21517
0.0 09693750 21515
0.0 09693750 21513
0.0 09693750 21505
0.0 09693750 21497
0.0 09693750 21474
0.0 09693750 21440
0.0 09693750 21412
0.0 09693750 21384
0.0 09693750 21381
0.0 09693750 21349
0.0 09693750 21333
0.0 09693750 21312
0.0 09693750 21307
0.0 09693750 21298
0.0 09693750 21284
0.0 09693750 21282
0.0 09693750 21272
0.0 09693750 21244
0.0 09693750 21223
0.0 09693750 21204
0.0 09693750 21197
0.0 09693750 21190
0.0 09693750 21181
0.0 09693750 21178
0.0 09693750 21170
0.0 09693750 21168
0.0 09693750 21167
0.0 09693750 21163
0.0 09693750 21153
0.0 09693750 21151
0.0 09693750 21145
0.0 09693750 21131
0.0 09693750 21127
0.0 09693750 21125
0.0 09693750 21118
0.0 09693750 21109
0.0 09693750 21066
0.0 09693750 21058
0.0 09693750 21050
0.0 09693750 21040
0.0 09693750 21035
0.0 09693750 21010
0.0 09693750 21007
0.0 09693750 21006
0.0 09693750 20983
0.0 09693750 20971
0.0 09693750 20968
0.0 09693750 20967
0.0 09693750 20957
0.0 09693750 20949
0.0 09693750 20943
0.0 09693750 20930
0.0 09693750 20929
0.0 09693750 20922
0.0 09693750 20919
0.0 09693750 20900
0.0 09693750 20871
0.0 09693750 20852
0.0 09693750 20839
0.0 09693750 20833
0.0 09693750 20824
0.0 09693750 20810
0.0 09693750 20807
0.0 09693750 20806
0.0 09693750 20801
0.0 09693750 20790
0.0 09693750 20784
0.0 09693750 20782
0.0 09693750 20780
0.0 09693750 20770
0.0 09693750 20759
0.0 09693750 20751
0.0 09693750 20736
0.0 09693750 20734
0.0 09693750 20680
0.0 09693750 20664
0.0 09693750 20654
0.0 09693750 20639
0.0 09693750 20624
0.0 09693750 20621
0.0 09693750 20620
0.0 09693750 20619
0.0 09693750 20616
0.0 09693750 20615
0.0 09693750 20588
0.0 09693750 20587
0.0 09693750 20586
0.0 09693750 20585
0.0 09693750 20564
0.0 09693750 20563
0.0 09693750 20562
0.0 09693750 20561
0.0 09693750 20558
0.0 09693750 20547
0.0 09693750 20537
0.0 09693750 20536
0.0 09693750 20514
0.0 09693750 20501
0.0 09693750 20484
0.0 09693750 20470
0.0 09693750 20460
0.0 09693750 20457
0.0 09693750 20442
0.0 09693750 20440
0.0 09693750 20412
0.0 09693750 20401
0.0 09693750 20378
0.0 09693750 20314
0.0 09693750 20284
0.0 09693750 20283
0.0 09693750 20282
0.0 09693750 20275
0.0 09693750 20273
0.0 09693750 20257
0.0 09693750 20253
0.0 09693750 20245
0.0 09693750 20244
0.0 09693750 20235
0.0 09693750 20213
0.0 09693750 20208
0.0 09693750 20202
0.0 09693750 20174
0.0 09693750 20173
0.0 09693750 20147
0.0 09693750 20121
0.0 09693750 20107
0.0 09693750 20077
0.0 09693750 20034
0.0 09693750 20020
0.0 09693750 20018
0.0 09693750 20013
0.0 09693750 20010
0.0 09693750 19998
0.0 09693750 19967
0.0 09693750 19950
0.0 09693750 19926
0.0 09693750 19910
0.0 09693750 19905
0.0 09693750 19904
0.0 09693750 19892
0.0 09693750 19883
0.0 09693750 19875
0.0 09693750 19874
0.0 09693750 19865
0.0 09693750 19861
0.0 09693750 19860
0.0 09693750 19859
0.0 09693750 19844
0.0 09693750 19843
0.0 09693750 19836
0.0 09693750 19833
0.0 09693750 19820
0.0 09693750 19817
0.0 09693750 19811
0.0 09693750 19796
0.0 09693750 19784
0.0 09693750 19760
0.0 09693750 19756
0.0 09693750 19751
0.0 09693750 19746
0.0 09693750 19725
0.0 09693750 19697
0.0 09693750 19695
0.0 09693750 19675
0.0 09693750 19674
0.0 09693750 19671
0.0 09693750 19660
0.0 09693750 19652
0.0 09693750 19651
0.0 09693750 19636
0.0 09693750 19635
0.0 09693750 19597
0.0 09693750 19581
0.0 09693750 19548
0.0 09693750 19547
0.0 09693750 19515
0.0 09693750 19472
0.0 09693750 19450
0.0 09693750 19446
0.0 09693750 19445
0.0 09693750 19441
0.0 09693750 19439
0.0 09693750 19429
0.0 09693750 19419
0.0 09693750 19411
0.0 09693750 19404
0.0 09693750 19394
0.0 09693750 19391
0.0 09693750 19361
0.0 09693750 19352
0.0 09693750 19347
0.0 09693750 19335
0.0 09693750 19332
0.0 09693750 19327
0.0 09693750 19322
0.0 09693750 19317
0.0 09693750 19311
0.0 09693750 19308
0.0 09693750 19287
0.0 09693750 19284
0.0 09693750 19277
0.0 09693750 19276
0.0 09693750 19268
0.0 09693750 19251
0.0 09693750 19234
0.0 09693750 19216
0.0 09693750 19213
0.0 09693750 19211
0.0 09693750 19203
0.0 09693750 19199
0.0 09693750 19182
0.0 09693750 19181
0.0 09693750 19178
0.0 09693750 19176
0.0 09693750 19166
0.0 09693750 19164
0.0 09693750 19134
0.0 09693750 19130
0.0 09693750 19056
0.0 09693750 19048
0.0 09693750 19033
0.0 09693750 19029
0.0 09693750 19023
0.0 09693750 19022
0.0 09693750 19007
0.0 09693750 19004
0.0 09693750 18990
0.0 09693750 18976
0.0 09693750 18975
0.0 09693750 18967
0.0 09693750 18942
0.0 09693750 18941
0.0 09693750 18929
0.0 09693750 18928
0.0 09693750 18918
0.0 09693750 18913
0.0 09693750 18904
0.0 09693750 18903
0.0 09693750 18881
0.0 09693750 18874
0.0 09693750 18868
0.0 09693750 18856
0.0 09693750 18848
0.0 09693750 18832
0.0 09693750 18816
0.0 09693750 18808
0.0 09693750 18803
0.0 09693750 18799
0.0 09693750 18791
0.0 09693750 18789
0.0 09693750 18777
0.0 09693750 18773
0.0 09693750 18766
0.0 09693750 18758
0.0 09693750 18747
0.0 09693750 18719
0.0 09693750 18701
0.0 09693750 18698
0.0 09693750 18684
0.0 09693750 18674
0.0 09693750 18660
0.0 09693750 18657
0.0 09693750 18654
0.0 09693750 18634
0.0 09693750 18630
0.0 09693750 18626
0.0 09693750 18605
0.0 09693750 18591
0.0 09693750 18587
0.0 09693750 18581
0.0 09693750 18545
0.0 09693750 18541
0.0 09693750 18539
0.0 09693750 18533
0.0 09693750 18531
0.0 09693750 18520
0.0 09693750 18512
0.0 09693750 18511
0.0 09693750 18507
0.0 09693750 18503
0.0 09693750 18502
0.0 09693750 18494
0.0 09693750 18481
0.0 09693750 18480
0.0 09693750 18467
0.0 09693750 18462
0.0 09693750 18458
0.0 09693750 18446
0.0 09693750 18444
0.0 09693750 18432
0.0 09693750 18417
0.0 09693750 18413
0.0 09693750 18401
0.0 09693750 18395
0.0 09693750 18394
0.0 09693750 18380
0.0 09693750 18371
0.0 09693750 18370
0.0 09693750 18366
0.0 09693750 18365
0.0 09693750 18364
0.0 09693750 18361
0.0 09693750 18353
0.0 09693750 18337
0.0 09693750 18331
0.0 09693750 18326
0.0 09693750 18323
0.0 09693750 18311
0.0 09693750 18305
0.0 09693750 18296
0.0 09693750 18263
0.0 09693750 18260
0.0 09693750 18247
0.0 09693750 18241
0.0 09693750 18241
0.0 09693750 18230
0.0 09693750 18215
0.0 09693750 18204
0.0 09693750 18202
0.0 09693750 18195
0.0 09693750 18190
0.0 09693750 18180
0.0 09693750 18179
0.0 09693750 18178
0.0 09693750 18161
0.0 09693750 18151
0.0 09693750 18141
0.0 09693750 18136
0.0 09693750 18127
0.0 09693750 18074
0.0 09693750 18056
0.0 09693750 18034
0.0 09693750 18006
0.0 09693750 17997
0.0 09693750 17986
0.0 09693750 17975
0.0 09693750 17974
0.0 09693750 17945
0.0 09693750 17935
0.0 09693750 17931
0.0 09693750 17925
0.0 09693750 17919
0.0 09693750 17918
0.0 09693750 17917
0.0 09693750 17912
0.0 09693750 17902
0.0 09693750 17901
0.0 09693750 17890
0.0 09693750 17873
0.0 09693750 17872
0.0 09693750 17870
0.0 09693750 17865
0.0 09693750 17862
0.0 09693750 17848
0.0 09693750 17843
0.0 09693750 17821
0.0 09693750 17812
0.0 09693750 17808
0.0 09693750 17795
0.0 09693750 17783
0.0 09693750 17756
0.0 09693750 17746
0.0 09693750 17741
0.0 09693750 17726
0.0 09693750 17714
0.0 09693750 17706
0.0 09693750 17686
0.0 09693750 17668
0.0 09693750 17630
0.0 09693750 17622
0.0 09693750 17595
0.0 09693750 17592
0.0 09693750 17589
0.0 09693750 17547
0.0 09693750 17546
0.0 09693750 17541
0.0 09693750 17515
0.0 09693750 17514
0.0 09693750 17497
0.0 09693750 17492
0.0 09693750 17471
0.0 09693750 17459
0.0 09693750 17439
0.0 09693750 17425
0.0 09693750 17421
0.0 09693750 17413
0.0 09693750 17404
0.0 09693750 17401
0.0 09693750 17400
0.0 09693750 17399
0.0 09693750 17398
0.0 09693750 17396
0.0 09693750 17395
0.0 09693750 17376
0.0 09693750 17365
0.0 09693750 17357
0.0 09693750 17329
0.0 09693750 17327
0.0 09693750 17318
0.0 09693750 17311
0.0 09693750 17310
0.0 09693750 17308
0.0 09693750 17305
0.0 09693750 17304
0.0 09693750 17303
0.0 09693750 17302
0.0 09693750 17299
0.0 09693750 17297
0.0 09693750 17295
0.0 09693750 17294
0.0 09693750 17293
0.0 09693750 17287
0.0 09693750 17254
0.0 09693750 17250
0.0 09693750 17240
0.0 09693750 17238
0.0 09693750 17236
0.0 09693750 17234
0.0 09693750 17226
0.0 09693750 17225
0.0 09693750 17215
0.0 09693750 17211
0.0 09693750 17209
0.0 09693750 17205
0.0 09693750 17204
0.0 09693750 17190
0.0 09693750 17186
0.0 09693750 17183
0.0 09693750 17175
0.0 09693750 17171
0.0 09693750 17169
0.0 09693750 17168
0.0 09693750 17165
0.0 09693750 17164
0.0 09693750 17158
0.0 09693750 17155
0.0 09693750 17154
0.0 09693750 17135
0.0 09693750 17124
0.0 09693750 17113
0.0 09693750 17110
0.0 09693750 17106
0.0 09693750 17100
0.0 09693750 17082
0.0 09693750 17074
0.0 09693750 17073
0.0 09693750 17066
0.0 09693750 17041
0.0 09693750 17025
0.0 09693750 17022
0.0 09693750 16983
0.0 09693750 16957
0.0 09693750 16955
0.0 09693750 16951
0.0 09693750 16944
0.0 09693750 16924
0.0 09693750 16917
0.0 09693750 16911
0.0 09693750 16900
0.0 09693750 16887
0.0 09693750 16875
0.0 09693750 16866
0.0 09693750 16842
0.0 09693750 16838
0.0 09693750 16836
0.0 09693750 16833
0.0 09693750 16822
0.0 09693750 16821
0.0 09693750 16818
0.0 09693750 16804
0.0 09693750 16789
0.0 09693750 16774
0.0 09693750 16770
0.0 09693750 16756
0.0 09693750 16751
0.0 09693750 16747
0.0 09693750 16744
0.0 09693750 16741
0.0 09693750 16734
0.0 09693750 16722
0.0 09693750 16709
0.0 09693750 16705
0.0 09693750 16693
0.0 09693750 16686
0.0 09693750 16648
0.0 09693750 16645
0.0 09693750 16608
0.0 09693750 16600
0.0 09693750 16592
0.0 09693750 16591
0.0 09693750 16587
0.0 09693750 16586
0.0 09693750 16578
0.0 09693750 16569
0.0 09693750 16568
0.0 09693750 16563
0.0 09693750 16561
0.0 09693750 16558
0.0 09693750 16557
0.0 09693750 16532
0.0 09693750 16531
0.0 09693750 16524
0.0 09693750 16518
0.0 09693750 16515
0.0 09693750 16508
0.0 09693750 16483
0.0 09693750 16481
0.0 09693750 16433
0.0 09693750 16425
0.0 09693750 16418
0.0 09693750 16409
0.0 09693750 16395
0.0 09693750 16378
0.0 09693750 16375
0.0 09693750 16362
0.0 09693750 16318
0.0 09693750 16289
0.0 09693750 16275
0.0 09693750 16268
0.0 09693750 16251
0.0 09693750 16228
0.0 09693750 16227
0.0 09693750 16225
0.0 09693750 16210
0.0 09693750 16209
0.0 09693750 16208
0.0 09693750 16201
0.0 09693750 16175
0.0 09693750 16137
0.0 09693750 16130
0.0 09693750 16122
0.0 09693750 16120
0.0 09693750 16119
0.0 09693750 16078
0.0 09693750 16076
0.0 09693750 16069
0.0 09693750 16068
0.0 09693750 16029
0.0 09693750 16021
0.0 09693750 16019
0.0 09693750 16002
0.0 09693750 15985
0.0 09693750 15942
0.0 09693750 15935
0.0 09693750 15924
0.0 09693750 15908
0.0 09693750 15903
0.0 09693750 15892
0.0 09693750 15886
0.0 09693750 15874
0.0 09693750 15828
0.0 09693750 15812
0.0 09693750 15764
0.0 09693750 15697
0.0 09693750 15520
0.0 09693750 15518
0.0 09693750 15511
0.0 09693750 15461
0.0 09693750 15458
0.0 09693750 15437
0.0 09693750 15432
0.0 09693750 15308
0.0 09693750 15163
0.0 09693750 15158
0.0 09693750 14971
0.0 09693750 14970
0.0 09693750 14929
0.0 09693750 14900
0.0 09693750 14889
0.0 09693750 14819
0.0 09693750 14636
0.0 09693750 14584
0.0 09693750 14471
0.0 09693750 14340
0.0 09693750 14308
0.0 09693750 14187
0.0 09693750 14181
0.0 09693750 13960
0.0 09693750 13926
0.0 09693750 13640
0.0 09693750 13054
0.0 09693750 12507
0.0 09693750 12321
0.0 09693750 12266
0.0 09693750 12110
0.0 09693750 11651
0.0 09693750 11473
0.0 09693750 11464
0.0 09693750 10816
0.0 09693750 10751
0.0 09693750 10541
0.0 09693750 10509
0.0 09693750 10396
0.0 09693750 9384

