0.2604352 58719538 18178
0.22091849 58719538 20180
0.21487883 58719538 20157
0.18592045 58719538 18077
0.1808519 58719538 17005
0.179097 58719538 19314
0.1754112 58719538 20123
0.16490023 58719538 20206
0.16431288 58719538 16975
0.15878186 58719538 20186
0.1491694 58719538 17507
0.14072165 58719538 19483
0.13756837 58719538 18496
0.12850857 58719538 17741
0.12700728 58719538 17168
0.12622331 58719538 16976
0.12602963 58719538 20175
0.12181848 58719538 16974
0.12023646 58719538 20770
0.11529668 58719538 10693
0.11501096 58719538 18651
0.112705536 58719538 16391
0.11231693 58719538 17673
0.112296045 58719538 19299
0.111667536 58719538 20195
0.108435586 58719538 17901
0.10810744 58719538 14586
0.1076075 58719538 17986
0.10544904 58719538 20442
0.10522981 58719538 20890
0.10404576 58719538 17413
0.1028941 58719538 17027
0.10182235 58719538 20194
0.101583526 58719538 22293
0.10115982 58719538 17705
0.09990465 58719538 21189
0.0997054 58719538 20068
0.09701442 58719538 20556
0.096343726 58719538 21524
0.09630227 58719538 21533
0.092662185 58719538 16316
0.0912654 58719538 17902
0.09118459 58719538 17997
0.08884975 58719538 18368
0.08802788 58719538 16793
0.08677937 58719538 20224
0.08631928 58719538 19205
0.0851101 58719538 22390
0.08456569 58719538 18722
0.082470804 58719538 18646
0.082288794 58719538 10483
0.081770435 58719538 21236
0.08052418 58719538 17030
0.08034213 58719538 20780
0.08014291 58719538 17622
0.07948623 58719538 18628
0.07948623 58719538 18627
0.07907641 58719538 17304
0.07758874 58719538 14699
0.07693436 58719538 12850
0.07547839 58719538 18204
0.0741404 58719538 20519
0.07387528 58719538 18575
0.0732414 58719538 17582
0.07302165 58719538 20401
0.072324775 58719538 16682
0.07169594 58719538 20250
0.07145294 58719538 16512
0.071000144 58719538 18967
0.070909396 58719538 20737
0.07086638 58719538 20409
0.07066652 58719538 17022
0.07062286 58719538 16315
0.07030534 58719538 19367
0.070172094 58719538 17460
0.07014558 58719538 18081
0.06936289 58719538 20181
0.06902155 58719538 19322
0.06902049 58719538 21549
0.06882708 58719538 19959
0.06861367 58719538 21706
0.0685028 58719538 21576
0.068406835 58719538 21155
0.067522645 58719538 17145
0.06742617 58719538 21690
0.066680685 58719538 21282
0.0666017 58719538 14356
0.06635389 58719538 14308
0.06537843 58719538 19863
0.06473453 58719538 19940
0.06362597 58719538 16503
0.0633912 58719538 15029
0.06249009 58719538 18739
0.062087104 58719538 17838
0.061935026 58719538 19820
0.061736673 58719538 19400
0.06165097 58719538 20378
0.06095163 58719538 16531
0.06000817 58719538 15521
0.06000144 58719538 16801
0.059825365 58719538 15108
0.059693176 58719538 16944
0.059319936 58719538 18793
0.05910895 58719538 16336
0.058774665 58719538 16367
0.058516532 58719538 18624
0.058516532 58719538 18595
0.058516532 58719538 18593
0.058516532 58719538 18592
0.058130797 58719538 17124
0.05809212 58719538 16767
0.05798495 58719538 19983
0.057957485 58719538 14630
0.05782251 58719538 20093
0.057442166 58719538 20516
0.057060175 58719538 17486
0.0568583 58719538 21188
0.056533054 58719538 17739
0.056298066 58719538 19656
0.056157857 58719538 15910
0.055041123 58719538 14889
0.055015523 58719538 15608
0.05476993 58719538 17412
0.05462435 58719538 18524
0.054343082 58719538 15796
0.054243207 58719538 14340
0.053933132 58719538 19499
0.053779453 58719538 16688
0.052444566 58719538 19310
0.052371494 58719538 19274
0.05218093 58719538 21378
0.052154735 58719538 17842
0.051674657 58719538 17421
0.050954666 58719538 19960
0.05074907 58719538 12305
0.049718644 58719538 18050
0.049718644 58719538 18033
0.049165543 58719538 17155
0.049090005 58719538 20067
0.04895962 58719538 18079
0.04833851 58719538 20013
0.048210368 58719538 16756
0.048198868 58719538 20213
0.048110183 58719538 17738
0.047784086 58719538 18573
0.047784086 58719538 18555
0.04753294 58719538 14970
0.04739761 58719538 18552
0.04734491 58719538 16029
0.046971083 58719538 19181
0.046887062 58719538 17236
0.04675564 58719538 14678
0.046684127 58719538 21006
0.046652135 58719538 20639
0.046528153 58719538 19419
0.046300314 58719538 21519
0.046170957 58719538 18365
0.04616205 58719538 18143
0.045463786 58719538 18451
0.045393076 58719538 21989
0.045342878 58719538 19774
0.04526338 58719538 19799
0.045027863 58719538 20943
0.04463557 58719538 21578
0.044612262 58719538 18697
0.04420035 58719538 19130
0.044095702 58719538 19937
0.043589957 58719538 22258
0.04279851 58719538 14471
0.042011295 58719538 20441
0.04164744 58719538 17754
0.041586425 58719538 21244
0.04152843 58719538 19675
0.0414024 58719538 21349
0.041156262 58719538 21842
0.04074631 58719538 17128
0.04061259 58719538 18647
0.040136002 58719538 21698
0.039819494 58719538 20151
0.03973435 58719538 17154
0.039723683 58719538 17769
0.039329134 58719538 15722
0.039099958 58719538 17676
0.03867052 58719538 16253
0.03856754 58719538 17538
0.038544603 58719538 22291
0.038233217 58719538 18773
0.03817921 58719538 14357
0.03804826 58719538 17710
0.037759487 58719538 22432
0.03762695 58719538 19320
0.037529625 58719538 17707
0.037498683 58719538 16833
0.037239946 58719538 18177
0.037216716 58719538 16711
0.037108034 58719538 19277
0.037073627 58719538 19090
0.037049886 58719538 18605
0.03702144 58719538 17171
0.03668292 58719538 18758
0.036526747 58719538 22039
0.036495563 58719538 18699
0.036468457 58719538 22066
0.03630235 58719538 18876
0.036224104 58719538 21411
0.03601671 58719538 17553
0.036013868 58719538 15529
0.035899043 58719538 22240
0.035221566 58719538 12871
0.035221152 58719538 21007
0.035169445 58719538 20824
0.03508851 58719538 19391
0.03497903 58719538 20919
0.034774505 58719538 18320
0.034569334 58719538 17606
0.034452084 58719538 16340
0.034452084 58719538 16339
0.034452084 58719538 16337
0.034452084 58719538 16335
0.034313083 58719538 16279
0.03419221 58719538 17370
0.0341804 58719538 20156
0.034063734 58719538 18470
0.0340176 58719538 17489
0.033783846 58719538 22281
0.033536535 58719538 17642
0.033486392 58719538 15999
0.033283107 58719538 17746
0.033272453 58719538 20010
0.033252917 58719538 17029
0.033243924 58719538 15214
0.033153355 58719538 17730
0.03315214 58719538 19904
0.032685447 58719538 18922
0.03238374 58719538 15848
0.032334782 58719538 21298
0.032249495 58719538 18794
0.03218536 58719538 18731
0.03218536 58719538 18730
0.03216071 58719538 20979
0.032087095 58719538 20792
0.03206683 58719538 16471
0.03193331 58719538 17729
0.031861953 58719538 19386
0.03185634 58719538 14856
0.03176367 58719538 18673
0.031738106 58719538 20786
0.031460833 58719538 17782
0.031342477 58719538 17204
0.031137705 58719538 15520
0.031119674 58719538 16485
0.031090707 58719538 18926
0.031077204 58719538 22434
0.031059235 58719538 18737
0.031027995 58719538 17805
0.031009749 58719538 19811
0.031002574 58719538 20514
0.030815817 58719538 22006
0.03080397 58719538 18902
0.030774895 58719538 19048
0.030699104 58719538 22061
0.030634081 58719538 18816
0.030563736 58719538 13359
0.030480506 58719538 16473
0.030439407 58719538 17967
0.030251779 58719538 19348
0.03016491 58719538 21976
0.030120911 58719538 20628
0.029987738 58719538 22082
0.029959895 58719538 21583
0.029860096 58719538 17034
0.029780835 58719538 18891
0.029661354 58719538 20637
0.029561725 58719538 22102
0.02955461 58719538 19517
0.029525686 58719538 20196
0.029512072 58719538 17248
0.029492378 58719538 17504
0.029468121 58719538 16061
0.02943138 58719538 17857
0.029405147 58719538 21796
0.029342692 58719538 17249
0.029302092 58719538 18502
0.029279461 58719538 19866
0.029252995 58719538 18609
0.029207133 58719538 19654
0.029188905 58719538 19009
0.029142536 58719538 18702
0.029033948 58719538 20762
0.02888833 58719538 19519
0.028884484 58719538 20035
0.028818382 58719538 17643
0.028786592 58719538 20832
0.028741322 58719538 21707
0.02871883 58719538 17318
0.028610917 58719538 20957
0.028574415 58719538 17825
0.028196128 58719538 14026
0.02818719 58719538 14713
0.02816604 58719538 21218
0.027853165 58719538 22386
0.027632922 58719538 19912
0.0276289 58719538 18918
0.027588917 58719538 17434
0.02752813 58719538 18939
0.02743173 58719538 20484
0.027259279 58719538 21455
0.027225297 58719538 16980
0.027197152 58719538 16925
0.026885036 58719538 20405
0.026884967 58719538 16308
0.02686845 58719538 21915
0.026860656 58719538 20316
0.026792154 58719538 21300
0.026712984 58719538 19427
0.02657258 58719538 17418
0.026530493 58719538 20558
0.026449103 58719538 20638
0.02628623 58719538 21579
0.026060615 58719538 16751
0.02605937 58719538 17651
0.02603046 58719538 18905
0.025758505 58719538 19875
0.025674416 58719538 17205
0.02566677 58719538 16137
0.025597092 58719538 14503
0.0255431 58719538 22411
0.025541278 58719538 21311
0.02550305 58719538 19222
0.025489962 58719538 15511
0.02541009 58719538 17788
0.025196794 58719538 19784
0.025016634 58719538 18410
0.025011644 58719538 17718
0.02484975 58719538 17765
0.02482209 58719538 20736
0.024810802 58719538 19957
0.024757735 58719538 11210
0.02464778 58719538 19441
0.024575666 58719538 18275
0.024493644 58719538 17026
0.024484852 58719538 20842
0.024332406 58719538 14542
0.024304833 58719538 17787
0.024100786 58719538 21945
0.023893503 58719538 17698
0.023777675 58719538 18093
0.023760421 58719538 20284
0.023760421 58719538 20283
0.023760421 58719538 20282
0.023517381 58719538 16964
0.02347082 58719538 22078
0.023412239 58719538 22368
0.023208957 58719538 21971
0.023159409 58719538 16568
0.023050092 58719538 18293
0.023020674 58719538 16502
0.022898475 58719538 19815
0.022837767 58719538 18057
0.022791661 58719538 21261
0.022785023 58719538 17176
0.022782328 58719538 20557
0.022670055 58719538 20827
0.02264647 58719538 11257
0.02246752 58719538 12959
0.022464976 58719538 20137
0.022351302 58719538 21681
0.022327147 58719538 17621
0.022288382 58719538 17946
0.022176515 58719538 16469
0.022173768 58719538 15971
0.022086693 58719538 19598
0.022024423 58719538 18812
0.02197401 58719538 16477
0.021881567 58719538 18591
0.021866614 58719538 22384
0.021822467 58719538 20412
0.021734381 58719538 21726
0.021712381 58719538 22007
0.02161868 58719538 19918
0.021561842 58719538 17110
0.021545988 58719538 21676
0.021483218 58719538 22410
0.021429596 58719538 14929
0.021427453 58719538 20046
0.021374593 58719538 20871
0.021338923 58719538 19602
0.02133509 58719538 21255
0.02122617 58719538 18202
0.021188945 58719538 15764
0.021163035 58719538 20251
0.021136908 58719538 20543
0.021111568 58719538 20949
0.021024017 58719538 15283
0.021019798 58719538 22254
0.020998707 58719538 19920
0.020936184 58719538 8835
0.020929178 58719538 17320
0.020925235 58719538 18990
0.02090079 58719538 16889
0.020879254 58719538 16051
0.020858923 58719538 18858
0.020810591 58719538 19743
0.020810591 58719538 19743
0.020620422 58719538 20967
0.020525528 58719538 19033
0.020462992 58719538 21944
0.020398255 58719538 20581
0.020371828 58719538 21509
0.020365244 58719538 21459
0.020312399 58719538 14187
0.02029965 58719538 19919
0.020208128 58719538 19781
0.020189866 58719538 17015
0.01990478 58719538 20489
0.019850768 58719538 16074
0.01980642 58719538 19856
0.01975834 58719538 16972
0.019495523 58719538 17294
0.019467473 58719538 19686
0.01945408 58719538 19622
0.019218178 58719538 16395
0.019214774 58719538 18480
0.019129105 58719538 19528
0.018899791 58719538 21725
0.018773306 58719538 20429
0.018677892 58719538 20892
0.018672898 58719538 12457
0.01859139 58719538 21981
0.01853166 58719538 20055
0.018498817 58719538 19433
0.01849092 58719538 17988
0.018327555 58719538 18062
0.01832749 58719538 19249
0.018317377 58719538 18376
0.018239046 58719538 19301
0.018148886 58719538 21723
0.018113919 58719538 22079
0.018093308 58719538 19199
0.01800056 58719538 17653
0.017902406 58719538 20632
0.017864898 58719538 20387
0.017853571 58719538 20298
0.017845932 58719538 17113
0.017774656 58719538 18928
0.017733553 58719538 15881
0.017665131 58719538 12826
0.01765448 58719538 16120
0.017619915 58719538 15908
0.017596766 58719538 15518
0.017581604 58719538 18581
0.017571235 58719538 17215
0.017561954 58719538 16050
0.0175265 58719538 19317
0.017377116 58719538 18924
0.01737357 58719538 22361
0.017328402 58719538 18115
0.01729865 58719538 17478
0.017254371 58719538 18161
0.017222457 58719538 16883
0.017177178 58719538 16714
0.017073376 58719538 21512
0.01707237 58719538 18425
0.017066104 58719538 21204
0.017047437 58719538 16618
0.017042512 58719538 20470
0.017002722 58719538 19446
0.016960578 58719538 21953
0.016896168 58719538 18836
0.016858537 58719538 19961
0.016856758 58719538 18153
0.016828129 58719538 19153
0.01678638 58719538 16892
0.016780712 58719538 21933
0.016722955 58719538 17972
0.016460123 58719538 13058
0.016398527 58719538 13054
0.01637912 58719538 21379
0.016363636 58719538 16725
0.016349068 58719538 19445
0.0163245 58719538 22081
0.016270036 58719538 17175
0.016224883 58719538 16962
0.016166288 58719538 20204
0.016144391 58719538 20971
0.016122539 58719538 14749
0.016120983 58719538 18805
0.016085466 58719538 17581
0.016041527 58719538 17317
0.016017314 58719538 16383
0.016015936 58719538 17599
0.015988853 58719538 16309
0.015951462 58719538 18006
0.015944814 58719538 19818
0.015865166 58719538 19233
0.01580923 58719538 18360
0.015770987 58719538 18920
0.015738687 58719538 22350
0.015732802 58719538 16355
0.01571553 58719538 18353
0.015692582 58719538 16208
0.015685627 58719538 16659
0.015542116 58719538 19926
0.015525321 58719538 20553
0.01552368 58719538 20449
0.015454034 58719538 15874
0.015440942 58719538 21844
0.01541063 58719538 20312
0.015360301 58719538 14844
0.015335672 58719538 15913
0.015326798 58719538 13960
0.01531997 58719538 17628
0.015291735 58719538 18774
0.0152811445 58719538 17019
0.01526922 58719538 17565
0.015262035 58719538 21517
0.015246738 58719538 19516
0.0152063025 58719538 19603
0.015186721 58719538 16820
0.015178425 58719538 12110
0.0151398145 58719538 17917
0.015108615 58719538 20830
0.0150816105 58719538 19182
0.015023007 58719538 17571
0.014989818 58719538 15358
0.014967851 58719538 12845
0.014936871 58719538 18852
0.0148078855 58719538 19030
0.014771759 58719538 16624
0.014729269 58719538 22163
0.01462239 58719538 20244
0.014604735 58719538 17376
0.014601314 58719538 13762
0.0145258745 58719538 18247
0.014457617 58719538 17821
0.014406679 58719538 21697
0.014404783 58719538 22055
0.014380095 58719538 15938
0.014365554 58719538 22284
0.014327185 58719538 21902
0.014291432 58719538 20235
0.014197335 58719538 17056
0.014190075 58719538 18357
0.014178175 58719538 21035
0.014173897 58719538 18337
0.013934141 58719538 19624
0.013898636 58719538 20662
0.013771006 58719538 15575
0.013744254 58719538 18417
0.013709561 58719538 22032
0.013687876 58719538 21284
0.013670936 58719538 15854
0.013608966 58719538 18395
0.013528591 58719538 15057
0.013526976 58719538 18862
0.013463065 58719538 21689
0.013424222 58719538 22150
0.013412467 58719538 14009
0.013365337 58719538 18142
0.013272755 58719538 19681
0.013271996 58719538 22074
0.0132417325 58719538 10541
0.013214456 58719538 19093
0.013143081 58719538 17368
0.0131417755 58719538 16526
0.013137333 58719538 19779
0.013112582 58719538 21117
0.013081051 58719538 16686
0.0130788395 58719538 19859
0.013015103 58719538 21603
0.012993301 58719538 17028
0.012885621 58719538 19327
0.012860077 58719538 21013
0.012803345 58719538 21474
0.012795696 58719538 19950
0.012781086 58719538 19697
0.012769436 58719538 19751
0.012744 58719538 18539
0.012721049 58719538 12330
0.012629534 58719538 20098
0.012626024 58719538 17082
0.012612998 58719538 16393
0.012587393 58719538 16983
0.0125169875 58719538 21713
0.012516886 58719538 15417
0.012499884 58719538 21653
0.012459062 58719538 17442
0.012441811 58719538 19819
0.012396639 58719538 21452
0.012396639 58719538 21451
0.012376003 58719538 12266
0.012353868 58719538 18875
0.012347248 58719538 18195
0.012307511 58719538 19134
0.012256093 58719538 22268
0.01222739 58719538 20190
0.012210086 58719538 20028
0.0121643115 58719538 19850
0.012108963 58719538 19851
0.012096242 58719538 16442
0.012087644 58719538 16119
0.012060504 58719538 22154
0.012053499 58719538 10441
0.011997547 58719538 20222
0.011951377 58719538 18929
0.011947537 58719538 21333
0.011929783 58719538 18071
0.011913213 58719538 19056
0.011885792 58719538 21530
0.011884326 58719538 17404
0.011875307 58719538 19905
0.011873694 58719538 14650
0.011834906 58719538 21765
0.011809508 58719538 22294
0.011745672 58719538 17945
0.011739561 58719538 18373
0.011648632 58719538 14647
0.011573354 58719538 19292
0.011561387 58719538 17984
0.011524853 58719538 17598
0.011524853 58719538 17575
0.011501875 58719538 13468
0.011495518 58719538 20369
0.011481992 58719538 19311
0.011449136 58719538 20501
0.011398115 58719538 20254
0.011398115 58719538 20252
0.011377142 58719538 16634
0.011342047 58719538 16076
0.011340682 58719538 18791
0.01129956 58719538 18995
0.0111975465 58719538 20460
0.011179859 58719538 16722
0.011117554 58719538 20759
0.011106709 58719538 18996
0.011050347 58719538 16917
0.011014429 58719538 19738
0.010994336 58719538 18147
0.010992216 58719538 15870
0.010932983 58719538 22025
0.010840392 58719538 19671
0.010812429 58719538 17674
0.010728842 58719538 17492
0.010691575 58719538 17007
0.0106017515 58719538 18789
0.010492417 58719538 16887
0.010488104 58719538 18747
0.010478894 58719538 12128
0.010478721 58719538 16417
0.010441345 58719538 17400
0.010246582 58719538 16228
0.010224423 58719538 21109
0.01021023 58719538 16209
0.010186156 58719538 16821
0.010183248 58719538 20536
0.010183248 58719538 20273
0.010148144 58719538 16033
0.010094545 58719538 18056
0.010075769 58719538 22301
0.010071864 58719538 21147
0.010016541 58719538 16021
0.009945089 58719538 18856
0.009926983 58719538 17823
0.009695677 58719538 16192
0.009679148 58719538 15656
0.009669659 58719538 21921
0.009622167 58719538 21954
0.009588718 58719538 17943
0.0095866695 58719538 19836
0.009573106 58719538 14765
0.009556758 58719538 19648
0.009554053 58719538 19901
0.009536682 58719538 22214
0.009524339 58719538 20893
0.009480802 58719538 18832
0.009448331 58719538 15308
0.009432898 58719538 21454
0.009344637 58719538 20077
0.009314988 58719538 21897
0.009167673 58719538 22185
0.00915787 58719538 16291
0.009127375 58719538 21550
0.009089355 58719538 21753
0.00905883 58719538 20191
0.009031527 58719538 19308
0.008989633 58719538 13143
0.008965559 58719538 15814
0.008888769 58719538 16396
0.008874115 58719538 22115
0.008791214 58719538 20160
0.008776365 58719538 15697
0.008772322 58719538 16002
0.008706672 58719538 16860
0.008657704 58719538 21884
0.008585198 58719538 18684
0.008583498 58719538 21858
0.008549702 58719538 20437
0.008527729 58719538 19990
0.008449348 58719538 16600
0.008357825 58719538 19796
0.00831282 58719538 18622
0.008283035 58719538 17925
0.008252046 58719538 16905
0.008224982 58719538 22408
0.008220671 58719538 19647
0.008196339 58719538 19600
0.0081497235 58719538 19694
0.008140231 58719538 18258
0.00811634 58719538 16135
0.008097442 58719538 22237
0.008087059 58719538 21658
0.008076517 58719538 17497
0.0080485325 58719538 18241
0.0080485325 58719538 18241
0.008005964 58719538 19844
0.0079238275 58719538 22058
0.0079214275 58719538 16561
0.007837533 58719538 21821
0.007752437 58719538 19505
0.007718739 58719538 16513
0.007693602 58719538 17547
0.007644445 58719538 19910
0.007555778 58719538 20929
0.007524402 58719538 19203
0.0075226626 58719538 19176
0.0074839345 58719538 15879
0.0074810423 58719538 18136
0.0074361097 58719538 18398
0.0074324105 58719538 16497
0.0074219117 58719538 17973
0.0072827963 58719538 17345
0.0072810072 58719538 20455
0.0072417944 58719538 18541
0.0071391948 58719538 16865
0.007096218 58719538 21659
0.0070036054 58719538 16991
0.0069864104 58719538 16734
0.006960569 58719538 20183
0.0069560283 58719538 20932
0.0069467016 58719538 16913
0.006902001 58719538 22438
0.0068833367 58719538 20146
0.006870293 58719538 20927
0.006778711 58719538 22392
0.0067480993 58719538 20990
0.006746181 58719538 13756
0.006711368 58719538 18717
0.0066958275 58719538 19860
0.006691297 58719538 19072
0.0066741044 58719538 16378
0.006560916 58719538 19166
0.006550587 58719538 19440
0.006550587 58719538 18347
0.0065019415 58719538 18879
0.006462583 58719538 22334
0.006437607 58719538 17066
0.006414221 58719538 14900
0.006376139 58719538 17001
0.006370021 58719538 19158
0.0063287127 58719538 20458
0.006237638 58719538 21562
0.0062185884 58719538 20245
0.006154592 58719538 16515
0.0061461017 58719538 13755
0.0061434903 58719538 17279
0.0061133914 58719538 20005
0.0061133914 58719538 19930
0.0061133914 58719538 19359
0.0061133914 58719538 18367
0.0061133914 58719538 18109
0.0061133914 58719538 18041
0.0061108274 58719538 17041
0.006088642 58719538 19370
0.006088642 58719538 18614
0.006088642 58719538 17920
0.006088642 58719538 16199
0.006031361 58719538 18576
0.006030975 58719538 18282
0.0059506716 58719538 13799
0.0059500085 58719538 22077
0.0059500085 58719538 21107
0.0059500085 58719538 20880
0.0059500085 58719538 19678
0.0059500085 58719538 19464
0.0059500085 58719538 18671
0.0059500085 58719538 18641
0.0059500085 58719538 18429
0.0059500085 58719538 18424
0.0059500085 58719538 18400
0.0059500085 58719538 18399
0.0059500085 58719538 18397
0.0059500085 58719538 18381
0.0059500085 58719538 18369
0.0059500085 58719538 18096
0.0059500085 58719538 17850
0.0059500085 58719538 17845
0.0059500085 58719538 17280
0.0059500085 58719538 17202
0.0059500085 58719538 16963
0.0059500085 58719538 16768
0.0059500085 58719538 16680
0.0059500085 58719538 16385
0.0059500085 58719538 16384
0.0059500085 58719538 16382
0.0059500085 58719538 16381
0.005927183 58719538 21978
0.005927183 58719538 20994
0.005927183 58719538 20306
0.005927183 58719538 19954
0.005927183 58719538 19839
0.005927183 58719538 19255
0.005927183 58719538 19081
0.005927183 58719538 18666
0.005927183 58719538 18284
0.005927183 58719538 18129
0.005927183 58719538 17980
0.005927183 58719538 17899
0.005927183 58719538 17650
0.005927183 58719538 16217
0.005927183 58719538 15159
0.005919216 58719538 18323
0.005883636 58719538 17254
0.005870699 58719538 20829
0.005870699 58719538 20797
0.0058405763 58719538 19251
0.0058192415 58719538 15871
0.0058184075 58719538 19038
0.0057895626 58719538 19021
0.0057895626 58719538 18251
0.0057578827 58719538 13288
0.005745977 58719538 17443
0.005715401 58719538 12312
0.0057118554 58719538 22019
0.0057087904 58719538 18019
0.0056922873 58719538 15109
0.0056834607 58719538 18206
0.0056764893 58719538 17608
0.005644694 58719538 22243
0.0056289216 58719538 12313
0.005618609 58719538 16292
0.0056033144 58719538 19406
0.0055959513 58719538 17389
0.0055959513 58719538 16403
0.005585659 58719538 18180
0.0055424417 58719538 18366
0.0055041616 58719538 16344
0.00547886 58719538 18094
0.0054622116 58719538 19536
0.0054433127 58719538 17828
0.0054335203 58719538 18371
0.0053872894 58719538 20163
0.0053725024 58719538 20001
0.005372209 58719538 18069
0.005372209 58719538 18069
0.0053656935 58719538 15432
0.005346731 58719538 16466
0.0053437324 58719538 15836
0.00530658 58719538 18260
0.0052873855 58719538 19981
0.005255245 58719538 18674
0.0052397912 58719538 21587
0.005219225 58719538 19394
0.0052030236 58719538 22198
0.005201048 58719538 17868
0.005140993 58719538 21661
0.0051317904 58719538 18154
0.0051317904 58719538 16636
0.0050815432 58719538 21173
0.0050692055 58719538 15911
0.00505701 58719538 15934
0.0049923495 58719538 17607
0.0049711578 58719538 18283
0.0049622394 58719538 17226
0.004937767 58719538 16931
0.0049150423 58719538 18615
0.004883651 58719538 21683
0.004878224 58719538 17632
0.004856919 58719538 19688
0.0047660302 58719538 17471
0.004760888 58719538 19392
0.004716901 58719538 19393
0.0047056214 58719538 17623
0.004703962 58719538 18842
0.004703962 58719538 18841
0.004688726 58719538 17546
0.004681838 58719538 18080
0.004662106 58719538 18318
0.0046395366 58719538 18975
0.0046376884 58719538 18976
0.004623051 58719538 18868
0.0045836708 58719538 19117
0.004559241 58719538 18198
0.0045540133 58719538 16775
0.004549532 58719538 15469
0.0045219376 58719538 19045
0.0044910205 58719538 19241
0.004466414 58719538 21551
0.0044504404 58719538 18453
0.0044254563 58719538 16587
0.0043924083 58719538 16145
0.004390191 58719538 16495
0.004371322 58719538 15340
0.004353394 58719538 19965
0.004353394 58719538 19965
0.0043378547 58719538 18499
0.0043212175 58719538 20869
0.0042862794 58719538 18188
0.0042675235 58719538 19883
0.0042659403 58719538 17756
0.004260744 58719538 20052
0.0042336993 58719538 17865
0.0041859485 58719538 22111
0.004147253 58719538 11089
0.004134653 58719538 16444
0.004131479 58719538 16716
0.004129382 58719538 18865
0.004106142 58719538 18670
0.004073201 58719538 16423
0.004056814 58719538 19929
0.0040561203 58719538 18213
0.0040403446 58719538 18873
0.0040092776 58719538 21675
0.0039950646 58719538 22127
0.003986968 58719538 16258
0.00398172 58719538 21501
0.0039778193 58719538 16658
0.0039467094 58719538 18416
0.003936941 58719538 18861
0.003936167 58719538 19841
0.0039019187 58719538 19651
0.0038787767 58719538 18892
0.0038631656 58719538 19407
0.003826948 58719538 13207
0.0037977186 58719538 22027
0.0037977186 58719538 22026
0.0037297031 58719538 17417
0.0037049293 58719538 19480
0.0036217712 58719538 18252
0.0036167447 58719538 17760
0.0036135064 58719538 19735
0.003585802 58719538 16703
0.0035720014 58719538 12507
0.0035709038 58719538 21401
0.0035292606 58719538 19736
0.0035110726 58719538 18638
0.0034956364 58719538 17150
0.003473002 58719538 19547
0.0034355142 58719538 20085
0.0033868323 58719538 19044
0.0033304966 58719538 18469
0.0033107216 58719538 17601
0.0032951976 58719538 19470
0.0032927175 58719538 17331
0.0032869582 58719538 15487
0.0032869582 58719538 15485
0.0032746154 58719538 19923
0.0032541645 58719538 19481
0.003249725 58719538 16915
0.0032360246 58719538 18250
0.003199811 58719538 14432
0.0031921475 58719538 17303
0.0031655184 58719538 17690
0.0031326138 58719538 19935
0.0031177518 58719538 19472
0.0031097068 58719538 18100
0.0031078702 58719538 17592
0.0031047044 58719538 19872
0.0030852992 58719538 20086
0.0030852992 58719538 20086
0.0030788607 58719538 19269
0.003049218 58719538 11464
0.0030426038 58719538 20087
0.0030426038 58719538 20087
0.0030327584 58719538 20554
0.003018973 58719538 18709
0.0030013116 58719538 19511
0.0029811664 58719538 21219
0.0029643774 58719538 17514
0.0029550565 58719538 16461
0.0029525121 58719538 21404
0.0029287578 58719538 18361
0.0029260141 58719538 19762
0.0028877528 58719538 22008
0.002868802 58719538 17231
0.0028325305 58719538 18370
0.002823268 58719538 17429
0.0028207593 58719538 21177
0.0028160417 58719538 17200
0.0028067413 58719538 18725
0.0028066603 58719538 19890
0.0027946047 58719538 19501
0.0027475385 58719538 21216
0.002583019 58719538 22397
0.0025686915 58719538 10376
0.0025274984 58719538 22060
0.0024214229 58719538 21839
0.0024176242 58719538 17219
0.0023501725 58719538 20447
0.002336484 58719538 20799
0.002263672 58719538 20454
0.0022357963 58719538 20295
0.002221685 58719538 18633
0.002221685 58719538 18632
0.0021742545 58719538 18401
0.0021563468 58719538 18364
0.0021185784 58719538 18074
0.0021032752 58719538 20385
0.0020942974 58719538 10377
0.002078244 58719538 17630
0.0020586143 58719538 10378
0.0020112507 58719538 19700
0.0018913357 58719538 13926
0.0018315671 58719538 17677
0.0018205718 58719538 19585
0.0016700549 58719538 19058
0.0016669817 58719538 21878
0.0015863838 58719538 20488
0.001453506 58719538 18766
0.0014148104 58719538 19342
0.0014131446 58719538 16813
0.0013452146 58719538 20616
0.001200631 58719538 20226
0.0011755376 58719538 17919
0.00096077315 58719538 10396
0.0007798041 58719538 20904
0.0 58719538 22443
0.0 58719538 22440
0.0 58719538 22436
0.0 58719538 22423
0.0 58719538 22423
0.0 58719538 22355
0.0 58719538 22347
0.0 58719538 22333
0.0 58719538 22331
0.0 58719538 22323
0.0 58719538 22318
0.0 58719538 22310
0.0 58719538 22288
0.0 58719538 22282
0.0 58719538 22278
0.0 58719538 22276
0.0 58719538 22272
0.0 58719538 22267
0.0 58719538 22253
0.0 58719538 22252
0.0 58719538 22247
0.0 58719538 22211
0.0 58719538 22210
0.0 58719538 22207
0.0 58719538 22193
0.0 58719538 22183
0.0 58719538 22182
0.0 58719538 22179
0.0 58719538 22138
0.0 58719538 22134
0.0 58719538 22108
0.0 58719538 22103
0.0 58719538 22094
0.0 58719538 22090
0.0 58719538 22088
0.0 58719538 22075
0.0 58719538 22046
0.0 58719538 22038
0.0 58719538 22036
0.0 58719538 22022
0.0 58719538 22015
0.0 58719538 22011
0.0 58719538 22005
0.0 58719538 21988
0.0 58719538 21982
0.0 58719538 21973
0.0 58719538 21964
0.0 58719538 21962
0.0 58719538 21959
0.0 58719538 21958
0.0 58719538 21957
0.0 58719538 21939
0.0 58719538 21938
0.0 58719538 21934
0.0 58719538 21917
0.0 58719538 21913
0.0 58719538 21908
0.0 58719538 21895
0.0 58719538 21885
0.0 58719538 21877
0.0 58719538 21866
0.0 58719538 21852
0.0 58719538 21843
0.0 58719538 21819
0.0 58719538 21818
0.0 58719538 21814
0.0 58719538 21808
0.0 58719538 21798
0.0 58719538 21780
0.0 58719538 21764
0.0 58719538 21749
0.0 58719538 21741
0.0 58719538 21722
0.0 58719538 21686
0.0 58719538 21677
0.0 58719538 21641
0.0 58719538 21621
0.0 58719538 21607
0.0 58719538 21606
0.0 58719538 21586
0.0 58719538 21539
0.0 58719538 21535
0.0 58719538 21515
0.0 58719538 21513
0.0 58719538 21505
0.0 58719538 21497
0.0 58719538 21440
0.0 58719538 21412
0.0 58719538 21384
0.0 58719538 21381
0.0 58719538 21363
0.0 58719538 21327
0.0 58719538 21312
0.0 58719538 21310
0.0 58719538 21307
0.0 58719538 21295
0.0 58719538 21274
0.0 58719538 21272
0.0 58719538 21223
0.0 58719538 21197
0.0 58719538 21190
0.0 58719538 21186
0.0 58719538 21183
0.0 58719538 21181
0.0 58719538 21178
0.0 58719538 21176
0.0 58719538 21170
0.0 58719538 21168
0.0 58719538 21167
0.0 58719538 21163
0.0 58719538 21153
0.0 58719538 21151
0.0 58719538 21145
0.0 58719538 21140
0.0 58719538 21131
0.0 58719538 21127
0.0 58719538 21125
0.0 58719538 21118
0.0 58719538 21079
0.0 58719538 21066
0.0 58719538 21058
0.0 58719538 21050
0.0 58719538 21040
0.0 58719538 21019
0.0 58719538 21010
0.0 58719538 20983
0.0 58719538 20968
0.0 58719538 20930
0.0 58719538 20922
0.0 58719538 20900
0.0 58719538 20852
0.0 58719538 20848
0.0 58719538 20843
0.0 58719538 20839
0.0 58719538 20833
0.0 58719538 20810
0.0 58719538 20807
0.0 58719538 20806
0.0 58719538 20801
0.0 58719538 20790
0.0 58719538 20784
0.0 58719538 20782
0.0 58719538 20764
0.0 58719538 20751
0.0 58719538 20734
0.0 58719538 20731
0.0 58719538 20708
0.0 58719538 20680
0.0 58719538 20669
0.0 58719538 20664
0.0 58719538 20654
0.0 58719538 20651
0.0 58719538 20629
0.0 58719538 20624
0.0 58719538 20621
0.0 58719538 20620
0.0 58719538 20619
0.0 58719538 20615
0.0 58719538 20588
0.0 58719538 20587
0.0 58719538 20586
0.0 58719538 20585
0.0 58719538 20572
0.0 58719538 20564
0.0 58719538 20563
0.0 58719538 20562
0.0 58719538 20561
0.0 58719538 20547
0.0 58719538 20537
0.0 58719538 20530
0.0 58719538 20528
0.0 58719538 20521
0.0 58719538 20504
0.0 58719538 20503
0.0 58719538 20473
0.0 58719538 20471
0.0 58719538 20457
0.0 58719538 20440
0.0 58719538 20425
0.0 58719538 20406
0.0 58719538 20386
0.0 58719538 20383
0.0 58719538 20314
0.0 58719538 20275
0.0 58719538 20257
0.0 58719538 20253
0.0 58719538 20243
0.0 58719538 20209
0.0 58719538 20208
0.0 58719538 20202
0.0 58719538 20201
0.0 58719538 20174
0.0 58719538 20173
0.0 58719538 20148
0.0 58719538 20147
0.0 58719538 20139
0.0 58719538 20132
0.0 58719538 20127
0.0 58719538 20121
0.0 58719538 20109
0.0 58719538 20107
0.0 58719538 20076
0.0 58719538 20034
0.0 58719538 20033
0.0 58719538 20020
0.0 58719538 20018
0.0 58719538 19998
0.0 58719538 19967
0.0 58719538 19958
0.0 58719538 19917
0.0 58719538 19900
0.0 58719538 19892
0.0 58719538 19874
0.0 58719538 19868
0.0 58719538 19865
0.0 58719538 19861
0.0 58719538 19843
0.0 58719538 19833
0.0 58719538 19817
0.0 58719538 19816
0.0 58719538 19785
0.0 58719538 19761
0.0 58719538 19760
0.0 58719538 19756
0.0 58719538 19746
0.0 58719538 19739
0.0 58719538 19731
0.0 58719538 19729
0.0 58719538 19725
0.0 58719538 19695
0.0 58719538 19674
0.0 58719538 19668
0.0 58719538 19665
0.0 58719538 19660
0.0 58719538 19652
0.0 58719538 19636
0.0 58719538 19635
0.0 58719538 19632
0.0 58719538 19606
0.0 58719538 19597
0.0 58719538 19583
0.0 58719538 19581
0.0 58719538 19576
0.0 58719538 19550
0.0 58719538 19548
0.0 58719538 19525
0.0 58719538 19515
0.0 58719538 19500
0.0 58719538 19473
0.0 58719538 19454
0.0 58719538 19453
0.0 58719538 19450
0.0 58719538 19439
0.0 58719538 19429
0.0 58719538 19421
0.0 58719538 19411
0.0 58719538 19404
0.0 58719538 19401
0.0 58719538 19398
0.0 58719538 19390
0.0 58719538 19366
0.0 58719538 19361
0.0 58719538 19352
0.0 58719538 19347
0.0 58719538 19335
0.0 58719538 19332
0.0 58719538 19300
0.0 58719538 19300
0.0 58719538 19287
0.0 58719538 19285
0.0 58719538 19284
0.0 58719538 19282
0.0 58719538 19278
0.0 58719538 19276
0.0 58719538 19275
0.0 58719538 19273
0.0 58719538 19268
0.0 58719538 19240
0.0 58719538 19237
0.0 58719538 19236
0.0 58719538 19234
0.0 58719538 19218
0.0 58719538 19216
0.0 58719538 19213
0.0 58719538 19211
0.0 58719538 19201
0.0 58719538 19179
0.0 58719538 19178
0.0 58719538 19164
0.0 58719538 19136
0.0 58719538 19049
0.0 58719538 19029
0.0 58719538 19023
0.0 58719538 19022
0.0 58719538 19007
0.0 58719538 19004
0.0 58719538 18997
0.0 58719538 18942
0.0 58719538 18941
0.0 58719538 18913
0.0 58719538 18907
0.0 58719538 18906
0.0 58719538 18904
0.0 58719538 18903
0.0 58719538 18899
0.0 58719538 18881
0.0 58719538 18874
0.0 58719538 18860
0.0 58719538 18848
0.0 58719538 18847
0.0 58719538 18808
0.0 58719538 18803
0.0 58719538 18799
0.0 58719538 18779
0.0 58719538 18777
0.0 58719538 18719
0.0 58719538 18701
0.0 58719538 18698
0.0 58719538 18679
0.0 58719538 18660
0.0 58719538 18657
0.0 58719538 18654
0.0 58719538 18634
0.0 58719538 18630
0.0 58719538 18629
0.0 58719538 18626
0.0 58719538 18587
0.0 58719538 18554
0.0 58719538 18545
0.0 58719538 18533
0.0 58719538 18531
0.0 58719538 18523
0.0 58719538 18520
0.0 58719538 18514
0.0 58719538 18512
0.0 58719538 18511
0.0 58719538 18510
0.0 58719538 18507
0.0 58719538 18503
0.0 58719538 18494
0.0 58719538 18483
0.0 58719538 18481
0.0 58719538 18467
0.0 58719538 18465
0.0 58719538 18462
0.0 58719538 18458
0.0 58719538 18446
0.0 58719538 18444
0.0 58719538 18432
0.0 58719538 18413
0.0 58719538 18394
0.0 58719538 18380
0.0 58719538 18362
0.0 58719538 18351
0.0 58719538 18331
0.0 58719538 18326
0.0 58719538 18311
0.0 58719538 18305
0.0 58719538 18296
0.0 58719538 18269
0.0 58719538 18263
0.0 58719538 18254
0.0 58719538 18236
0.0 58719538 18230
0.0 58719538 18215
0.0 58719538 18211
0.0 58719538 18199
0.0 58719538 18190
0.0 58719538 18179
0.0 58719538 18175
0.0 58719538 18159
0.0 58719538 18151
0.0 58719538 18141
0.0 58719538 18127
0.0 58719538 18103
0.0 58719538 18103
0.0 58719538 18099
0.0 58719538 18086
0.0 58719538 18052
0.0 58719538 18048
0.0 58719538 18034
0.0 58719538 18013
0.0 58719538 18011
0.0 58719538 17981
0.0 58719538 17975
0.0 58719538 17974
0.0 58719538 17954
0.0 58719538 17936
0.0 58719538 17935
0.0 58719538 17931
0.0 58719538 17918
0.0 58719538 17912
0.0 58719538 17898
0.0 58719538 17897
0.0 58719538 17893
0.0 58719538 17892
0.0 58719538 17891
0.0 58719538 17890
0.0 58719538 17884
0.0 58719538 17873
0.0 58719538 17872
0.0 58719538 17870
0.0 58719538 17862
0.0 58719538 17859
0.0 58719538 17848
0.0 58719538 17843
0.0 58719538 17833
0.0 58719538 17812
0.0 58719538 17808
0.0 58719538 17795
0.0 58719538 17792
0.0 58719538 17791
0.0 58719538 17785
0.0 58719538 17783
0.0 58719538 17764
0.0 58719538 17763
0.0 58719538 17726
0.0 58719538 17714
0.0 58719538 17709
0.0 58719538 17706
0.0 58719538 17692
0.0 58719538 17686
0.0 58719538 17678
0.0 58719538 17668
0.0 58719538 17646
0.0 58719538 17626
0.0 58719538 17619
0.0 58719538 17595
0.0 58719538 17591
0.0 58719538 17589
0.0 58719538 17562
0.0 58719538 17554
0.0 58719538 17542
0.0 58719538 17541
0.0 58719538 17515
0.0 58719538 17498
0.0 58719538 17491
0.0 58719538 17487
0.0 58719538 17481
0.0 58719538 17479
0.0 58719538 17461
0.0 58719538 17459
0.0 58719538 17448
0.0 58719538 17439
0.0 58719538 17425
0.0 58719538 17415
0.0 58719538 17411
0.0 58719538 17401
0.0 58719538 17399
0.0 58719538 17398
0.0 58719538 17396
0.0 58719538 17395
0.0 58719538 17365
0.0 58719538 17357
0.0 58719538 17329
0.0 58719538 17327
0.0 58719538 17324
0.0 58719538 17322
0.0 58719538 17311
0.0 58719538 17310
0.0 58719538 17308
0.0 58719538 17305
0.0 58719538 17302
0.0 58719538 17299
0.0 58719538 17297
0.0 58719538 17295
0.0 58719538 17293
0.0 58719538 17287
0.0 58719538 17263
0.0 58719538 17250
0.0 58719538 17240
0.0 58719538 17238
0.0 58719538 17234
0.0 58719538 17230
0.0 58719538 17225
0.0 58719538 17222
0.0 58719538 17211
0.0 58719538 17209
0.0 58719538 17190
0.0 58719538 17186
0.0 58719538 17183
0.0 58719538 17181
0.0 58719538 17169
0.0 58719538 17165
0.0 58719538 17164
0.0 58719538 17158
0.0 58719538 17136
0.0 58719538 17135
0.0 58719538 17133
0.0 58719538 17123
0.0 58719538 17118
0.0 58719538 17112
0.0 58719538 17106
0.0 58719538 17100
0.0 58719538 17080
0.0 58719538 17074
0.0 58719538 17073
0.0 58719538 17065
0.0 58719538 17033
0.0 58719538 17032
0.0 58719538 17031
0.0 58719538 17025
0.0 58719538 17016
0.0 58719538 16969
0.0 58719538 16957
0.0 58719538 16955
0.0 58719538 16951
0.0 58719538 16948
0.0 58719538 16943
0.0 58719538 16942
0.0 58719538 16924
0.0 58719538 16922
0.0 58719538 16911
0.0 58719538 16904
0.0 58719538 16900
0.0 58719538 16886
0.0 58719538 16875
0.0 58719538 16866
0.0 58719538 16842
0.0 58719538 16838
0.0 58719538 16836
0.0 58719538 16822
0.0 58719538 16818
0.0 58719538 16806
0.0 58719538 16804
0.0 58719538 16792
0.0 58719538 16789
0.0 58719538 16783
0.0 58719538 16774
0.0 58719538 16770
0.0 58719538 16764
0.0 58719538 16747
0.0 58719538 16744
0.0 58719538 16741
0.0 58719538 16709
0.0 58719538 16705
0.0 58719538 16693
0.0 58719538 16648
0.0 58719538 16645
0.0 58719538 16640
0.0 58719538 16608
0.0 58719538 16603
0.0 58719538 16593
0.0 58719538 16592
0.0 58719538 16591
0.0 58719538 16586
0.0 58719538 16578
0.0 58719538 16569
0.0 58719538 16567
0.0 58719538 16563
0.0 58719538 16558
0.0 58719538 16557
0.0 58719538 16532
0.0 58719538 16524
0.0 58719538 16521
0.0 58719538 16518
0.0 58719538 16508
0.0 58719538 16483
0.0 58719538 16481
0.0 58719538 16443
0.0 58719538 16441
0.0 58719538 16433
0.0 58719538 16425
0.0 58719538 16422
0.0 58719538 16420
0.0 58719538 16418
0.0 58719538 16409
0.0 58719538 16375
0.0 58719538 16362
0.0 58719538 16343
0.0 58719538 16318
0.0 58719538 16311
0.0 58719538 16289
0.0 58719538 16275
0.0 58719538 16268
0.0 58719538 16252
0.0 58719538 16251
0.0 58719538 16240
0.0 58719538 16227
0.0 58719538 16225
0.0 58719538 16216
0.0 58719538 16215
0.0 58719538 16212
0.0 58719538 16210
0.0 58719538 16201
0.0 58719538 16175
0.0 58719538 16174
0.0 58719538 16130
0.0 58719538 16122
0.0 58719538 16078
0.0 58719538 16077
0.0 58719538 16069
0.0 58719538 16068
0.0 58719538 16019
0.0 58719538 16016
0.0 58719538 15985
0.0 58719538 15949
0.0 58719538 15942
0.0 58719538 15939
0.0 58719538 15935
0.0 58719538 15924
0.0 58719538 15903
0.0 58719538 15892
0.0 58719538 15886
0.0 58719538 15828
0.0 58719538 15827
0.0 58719538 15812
0.0 58719538 15803
0.0 58719538 15790
0.0 58719538 15566
0.0 58719538 15505
0.0 58719538 15499
0.0 58719538 15461
0.0 58719538 15458
0.0 58719538 15437
0.0 58719538 15402
0.0 58719538 15279
0.0 58719538 15163
0.0 58719538 15158
0.0 58719538 15120
0.0 58719538 14971
0.0 58719538 14819
0.0 58719538 14636
0.0 58719538 14584
0.0 58719538 14582
0.0 58719538 14419
0.0 58719538 14388
0.0 58719538 14214
0.0 58719538 14181
0.0 58719538 14126
0.0 58719538 14019
0.0 58719538 13982
0.0 58719538 13968
0.0 58719538 13749
0.0 58719538 13640
0.0 58719538 13402
0.0 58719538 13091
0.0 58719538 12321
0.0 58719538 11944
0.0 58719538 11651
0.0 58719538 11489
0.0 58719538 11473
0.0 58719538 10816
0.0 58719538 10760
0.0 58719538 10751
0.0 58719538 10509
0.0 58719538 9384
0.0 58719538 7157

0.2022736 0ab2ece0 22310
0.132091 0ab2ece0 17546
0.12297845 0ab2ece0 17884
0.121426 0ab2ece0 16972
0.11227298 0ab2ece0 16513
0.11036309 0ab2ece0 19391
0.10991125 0ab2ece0 17200
0.10982534 0ab2ece0 20471
0.10810819 0ab2ece0 16497
0.10653378 0ab2ece0 19048
0.10166605 0ab2ece0 21117
0.09862629 0ab2ece0 17303
0.094485536 0ab2ece0 19981
0.09229363 0ab2ece0 21578
0.09131863 0ab2ece0 16603
0.088158324 0ab2ece0 18511
0.087078914 0ab2ece0 20209
0.0829725 0ab2ece0 19622
0.08189118 0ab2ece0 15796
0.08151019 0ab2ece0 16957
0.08082053 0ab2ece0 14647
0.080670685 0ab2ece0 19863
0.08060118 0ab2ece0 22005
0.0794913 0ab2ece0 17698
0.079179585 0ab2ece0 22103
0.07790711 0ab2ece0 18074
0.076111875 0ab2ece0 18922
0.07553983 0ab2ece0 18260
0.075137116 0ab2ece0 19222
0.07413796 0ab2ece0 16955
0.07342837 0ab2ece0 19598
0.071970865 0ab2ece0 18510
0.07095721 0ab2ece0 20208
0.070713684 0ab2ece0 19249
0.07023746 0ab2ece0 21725
0.07001283 0ab2ece0 19300
0.07001283 0ab2ece0 19300
0.068932265 0ab2ece0 18318
0.067658 0ab2ece0 17317
0.06676769 0ab2ece0 17136
0.06603597 0ab2ece0 16077
0.06592393 0ab2ece0 18079
0.065844156 0ab2ece0 18990
0.065476306 0ab2ece0 17621
0.064057276 0ab2ece0 20927
0.063771985 0ab2ece0 20737
0.0636569 0ab2ece0 10441
0.06340661 0ab2ece0 17754
0.063255295 0ab2ece0 16725
0.06320685 0ab2ece0 19205
0.0630891 0ab2ece0 17145
0.06171265 0ab2ece0 21723
0.06169819 0ab2ece0 18816
0.061449282 0ab2ece0 20790
0.061255798 0ab2ece0 17943
0.061169 0ab2ece0 16983
0.06112722 0ab2ece0 22015
0.060760207 0ab2ece0 17595
0.060412575 0ab2ece0 16705
0.06040216 0ab2ece0 17345
0.060299084 0ab2ece0 19505
0.060298868 0ab2ece0 21944
0.05996677 0ab2ece0 19179
0.05977825 0ab2ece0 18520
0.05969677 0ab2ece0 20222
0.059676636 0ab2ece0 17460
0.059071377 0ab2ece0 21681
0.05900509 0ab2ece0 20543
0.05857099 0ab2ece0 21530
0.058350302 0ab2ece0 18195
0.057588812 0ab2ece0 22061
0.057287857 0ab2ece0 16425
0.05668255 0ab2ece0 18153
0.05661882 0ab2ece0 19301
0.05647178 0ab2ece0 20458
0.05633069 0ab2ece0 22038
0.05632253 0ab2ece0 20180
0.056170464 0ab2ece0 16417
0.055692296 0ab2ece0 14844
0.055465996 0ab2ece0 18629
0.05464412 0ab2ece0 22025
0.053515147 0ab2ece0 18646
0.05306103 0ab2ece0 20807
0.052853867 0ab2ece0 16442
0.052758723 0ab2ece0 20892
0.05208172 0ab2ece0 17710
0.052039437 0ab2ece0 20843
0.05191855 0ab2ece0 17236
0.051862154 0ab2ece0 16515
0.051559806 0ab2ece0 20412
0.051518857 0ab2ece0 22288
0.050933793 0ab2ece0 18086
0.050841663 0ab2ece0 16711
0.050713312 0ab2ece0 20035
0.050573673 0ab2ece0 18628
0.050573673 0ab2ece0 18627
0.05050826 0ab2ece0 17066
0.05037313 0ab2ece0 20175
0.04993989 0ab2ece0 21884
0.049858008 0ab2ece0 21218
0.049166553 0ab2ece0 15120
0.04912419 0ab2ece0 19647
0.047518373 0ab2ece0 21921
0.04745669 0ab2ece0 14214
0.047216855 0ab2ece0 17838
0.047035694 0ab2ece0 16033
0.04659276 0ab2ece0 21177
0.046212196 0ab2ece0 20181
0.046104047 0ab2ece0 19635
0.045998074 0ab2ece0 18147
0.045535926 0ab2ece0 21843
0.045341548 0ab2ece0 20157
0.045325495 0ab2ece0 20316
0.04513152 0ab2ece0 19299
0.044910472 0ab2ece0 20206
0.04481531 0ab2ece0 16624
0.04478003 0ab2ece0 21549
0.044588365 0ab2ece0 12457
0.04450638 0ab2ece0 14503
0.044079885 0ab2ece0 20832
0.04401209 0ab2ece0 20195
0.04386037 0ab2ece0 17653
0.043824933 0ab2ece0 20553
0.043614995 0ab2ece0 18651
0.04343842 0ab2ece0 20949
0.042884298 0ab2ece0 10483
0.04255811 0ab2ece0 21411
0.042324483 0ab2ece0 21878
0.042275395 0ab2ece0 21583
0.041779205 0ab2ece0 19774
0.041753497 0ab2ece0 18151
0.041629367 0ab2ece0 18731
0.041629367 0ab2ece0 18730
0.041219078 0ab2ece0 15764
0.040875416 0ab2ece0 19861
0.04058518 0ab2ece0 19681
0.040389474 0ab2ece0 22163
0.040157504 0ab2ece0 21690
0.04014565 0ab2ece0 19158
0.040131234 0ab2ece0 20786
0.040121995 0ab2ece0 20098
0.03997484 0ab2ece0 12305
0.039946526 0ab2ece0 21261
0.039944787 0ab2ece0 15283
0.03992912 0ab2ece0 17240
0.039852396 0ab2ece0 22237
0.039780978 0ab2ece0 21189
0.03973292 0ab2ece0 20250
0.03964606 0ab2ece0 16751
0.039552584 0ab2ece0 21019
0.03954864 0ab2ece0 17582
0.03951487 0ab2ece0 20251
0.039476786 0ab2ece0 16076
0.039453693 0ab2ece0 16688
0.038912654 0ab2ece0 19181
0.038620148 0ab2ece0 16291
0.03858985 0ab2ece0 20156
0.038488563 0ab2ece0 19483
0.03846622 0ab2ece0 21007
0.038443945 0ab2ece0 17788
0.037886817 0ab2ece0 17643
0.037874892 0ab2ece0 19960
0.0378728 0ab2ece0 21311
0.037829325 0ab2ece0 17673
0.037635148 0ab2ece0 19694
0.037556052 0ab2ece0 19656
0.03732327 0ab2ece0 17322
0.037305895 0ab2ece0 20429
0.037164368 0ab2ece0 20186
0.036981143 0ab2ece0 15999
0.03692221 0ab2ece0 20556
0.036774896 0ab2ece0 20385
0.036736924 0ab2ece0 20194
0.036710326 0ab2ece0 12110
0.036645815 0ab2ece0 20869
0.036511146 0ab2ece0 18410
0.0364231 0ab2ece0 22301
0.036142766 0ab2ece0 12850
0.035751022 0ab2ece0 16050
0.03567478 0ab2ece0 18918
0.03535124 0ab2ece0 17412
0.03517528 0ab2ece0 18006
0.03513626 0ab2ece0 20160
0.035019085 0ab2ece0 19901
0.03496662 0ab2ece0 18905
0.03493931 0ab2ece0 19292
0.03489746 0ab2ece0 21512
0.034887657 0ab2ece0 22032
0.034769155 0ab2ece0 16466
0.034726266 0ab2ece0 20224
0.034603983 0ab2ece0 16860
0.034564033 0ab2ece0 18048
0.034473166 0ab2ece0 20151
0.034463 0ab2ece0 18177
0.034436174 0ab2ece0 20067
0.03434232 0ab2ece0 20871
0.034292355 0ab2ece0 14678
0.034184366 0ab2ece0 15608
0.033992782 0ab2ece0 20447
0.03388568 0ab2ece0 20470
0.033602625 0ab2ece0 19500
0.033519663 0ab2ece0 16292
0.03350626 0ab2ece0 16423
0.033324584 0ab2ece0 19603
0.03332149 0ab2ece0 17954
0.03330838 0ab2ece0 15108
0.03330096 0ab2ece0 16801
0.033099838 0ab2ece0 20662
0.032798436 0ab2ece0 19686
0.032675475 0ab2ece0 15575
0.032515835 0ab2ece0 18697
0.03249277 0ab2ece0 16944
0.032438528 0ab2ece0 17756
0.03236514 0ab2ece0 19735
0.032178886 0ab2ece0 21658
0.032090314 0ab2ece0 18100
0.032044526 0ab2ece0 19470
0.03194298 0ab2ece0 22390
0.03193648 0ab2ece0 18056
0.031833034 0ab2ece0 16375
0.0318297 0ab2ece0 21689
0.031686008 0ab2ece0 21676
0.031487104 0ab2ece0 19517
0.031456713 0ab2ece0 20638
0.03137237 0ab2ece0 16119
0.03136622 0ab2ece0 17606
0.031291332 0ab2ece0 17842
0.031289015 0ab2ece0 19009
0.031217773 0ab2ece0 15214
0.03096629 0ab2ece0 21976
0.030892316 0ab2ece0 21524
0.030760773 0ab2ece0 20554
0.03073659 0ab2ece0 18852
0.030730633 0ab2ece0 17005
0.030711688 0ab2ece0 15520
0.030708086 0ab2ece0 19820
0.030706929 0ab2ece0 18794
0.030525558 0ab2ece0 13755
0.03049352 0ab2ece0 18737
0.030323433 0ab2ece0 22198
0.030273257 0ab2ece0 22074
0.030227812 0ab2ece0 20196
0.030128857 0ab2ece0 19983
0.030110545 0ab2ece0 16051
0.030095832 0ab2ece0 18575
0.02997703 0ab2ece0 19367
0.029846884 0ab2ece0 18967
0.029780732 0ab2ece0 22008
0.029767442 0ab2ece0 17825
0.029750137 0ab2ece0 16889
0.029682573 0ab2ece0 22011
0.02948844 0ab2ece0 17782
0.029387737 0ab2ece0 21533
0.029324532 0ab2ece0 20387
0.029153507 0ab2ece0 20204
0.029110746 0ab2ece0 21272
0.029082738 0ab2ece0 17805
0.029037207 0ab2ece0 20839
0.029005388 0ab2ece0 16422
0.028941555 0ab2ece0 19327
0.028816843 0ab2ece0 20521
0.028768325 0ab2ece0 22268
0.028763603 0ab2ece0 16703
0.028747344 0ab2ece0 20979
0.028711358 0ab2ece0 16568
0.028697345 0ab2ece0 13288
0.028677862 0ab2ece0 18876
0.028668854 0ab2ece0 18115
0.028612819 0ab2ece0 15910
0.028583692 0ab2ece0 16913
0.028347988 0ab2ece0 15848
0.028326768 0ab2ece0 18670
0.028310735 0ab2ece0 20226
0.028261915 0ab2ece0 21459
0.028216707 0ab2ece0 20519
0.02816246 0ab2ece0 17507
0.028104484 0ab2ece0 19632
0.028071512 0ab2ece0 20245
0.02796945 0ab2ece0 22258
0.027932484 0ab2ece0 11257
0.027880179 0ab2ece0 17823
0.027862152 0ab2ece0 20076
0.027721394 0ab2ece0 17707
0.027583634 0ab2ece0 15057
0.027539585 0ab2ece0 15854
0.027521037 0ab2ece0 21455
0.027351024 0ab2ece0 15874
0.027271291 0ab2ece0 22055
0.027263664 0ab2ece0 20516
0.02720185 0ab2ece0 19393
0.027196797 0ab2ece0 20536
0.027196797 0ab2ece0 20273
0.02715029 0ab2ece0 17709
0.027083112 0ab2ece0 15879
0.026829649 0ab2ece0 17234
0.026787296 0ab2ece0 17320
0.026778087 0ab2ece0 19386
0.02662776 0ab2ece0 13756
0.026560014 0ab2ece0 20637
0.026549857 0ab2ece0 17398
0.026495896 0ab2ece0 16600
0.026467247 0ab2ece0 20127
0.026449598 0ab2ece0 19516
0.026403733 0ab2ece0 20628
0.02637479 0ab2ece0 18373
0.02627728 0ab2ece0 17857
0.026268939 0ab2ece0 20369
0.026205212 0ab2ece0 14009
0.026138674 0ab2ece0 21958
0.02612876 0ab2ece0 20254
0.02612876 0ab2ece0 20252
0.026083685 0ab2ece0 18647
0.026027137 0ab2ece0 19585
0.025979616 0ab2ece0 19651
0.0259655 0ab2ece0 20455
0.025895651 0ab2ece0 21517
0.025884267 0ab2ece0 17898
0.025862318 0ab2ece0 20784
0.025734374 0ab2ece0 19044
0.025700202 0ab2ece0 12871
0.025628136 0ab2ece0 20243
0.025581684 0ab2ece0 16258
0.025578933 0ab2ece0 19918
0.025527354 0ab2ece0 18891
0.025525475 0ab2ece0 14749
0.025507128 0ab2ece0 18398
0.025415275 0ab2ece0 18353
0.025408272 0ab2ece0 18847
0.025371462 0ab2ece0 13207
0.025323946 0ab2ece0 8835
0.025323674 0ab2ece0 18254
0.025294013 0ab2ece0 22350
0.02526315 0ab2ece0 14650
0.025151994 0ab2ece0 21844
0.025141215 0ab2ece0 15511
0.025132667 0ab2ece0 21255
0.025037197 0ab2ece0 17106
0.025013186 0ab2ece0 22284
0.024878766 0ab2ece0 19624
0.024846304 0ab2ece0 17623
0.02484539 0ab2ece0 19920
0.024840813 0ab2ece0 14699
0.024808683 0ab2ece0 18793
0.024760041 0ab2ece0 22254
0.024743523 0ab2ece0 21300
0.024646837 0ab2ece0 22214
0.02462253 0ab2ece0 18609
0.024514405 0ab2ece0 16883
0.024424052 0ab2ece0 18451
0.024386182 0ab2ece0 17632
0.024356093 0ab2ece0 17925
0.02435376 0ab2ece0 18717
0.024284653 0ab2ece0 17848
0.024256466 0ab2ece0 18673
0.024171947 0ab2ece0 19959
0.024162874 0ab2ece0 17690
0.024097716 0ab2ece0 17164
0.02409078 0ab2ece0 21706
0.024033219 0ab2ece0 19548
0.024018276 0ab2ece0 19919
0.024001034 0ab2ece0 18523
0.023957722 0ab2ece0 17729
0.023837522 0ab2ece0 21858
0.02383478 0ab2ece0 19940
0.023799114 0ab2ece0 18524
0.023789912 0ab2ece0 16502
0.023770101 0ab2ece0 20077
0.02373555 0ab2ece0 19274
0.023693264 0ab2ece0 18573
0.023693264 0ab2ece0 18555
0.023689065 0ab2ece0 17133
0.023664067 0ab2ece0 21842
0.023657477 0ab2ece0 19400
0.023574948 0ab2ece0 10376
0.023501629 0ab2ece0 18552
0.023439497 0ab2ece0 18699
0.023414839 0ab2ece0 20046
0.023346236 0ab2ece0 19961
0.023285737 0ab2ece0 19446
0.023263866 0ab2ece0 16658
0.023254074 0ab2ece0 11464
0.023229022 0ab2ece0 18624
0.023229022 0ab2ece0 18595
0.023229022 0ab2ece0 18593
0.023229022 0ab2ece0 18592
0.023216622 0ab2ece0 16393
0.023203265 0ab2ece0 21707
0.02319413 0ab2ece0 20990
0.023191769 0ab2ece0 14187
0.023186954 0ab2ece0 14586
0.02316088 0ab2ece0 17429
0.023118515 0ab2ece0 16764
0.02311141 0ab2ece0 19234
0.023096021 0ab2ece0 16634
0.023093414 0ab2ece0 20736
0.02301113 0ab2ece0 16512
0.022982124 0ab2ece0 19697
0.022934627 0ab2ece0 16714
0.022921767 0ab2ece0 18250
0.022877237 0ab2ece0 21576
0.022845585 0ab2ece0 19407
0.022822853 0ab2ece0 18507
0.022702664 0ab2ece0 18470
0.022555107 0ab2ece0 16174
0.022539377 0ab2ece0 21933
0.022527294 0ab2ece0 18057
0.02244165 0ab2ece0 17739
0.022422183 0ab2ece0 21163
0.022363264 0ab2ece0 13926
0.02235105 0ab2ece0 17760
0.022350725 0ab2ece0 14856
0.022281995 0ab2ece0 17674
0.02226354 0ab2ece0 19998
0.022258664 0ab2ece0 17705
0.022249067 0ab2ece0 22423
0.022249067 0ab2ece0 22423
0.022233361 0ab2ece0 17787
0.022213642 0ab2ece0 18275
0.022155961 0ab2ece0 22154
0.022122236 0ab2ece0 16391
0.022017075 0ab2ece0 15892
0.022003692 0ab2ece0 19394
0.021987002 0ab2ece0 21452
0.021987002 0ab2ece0 21451
0.021942023 0ab2ece0 17967
0.021903634 0ab2ece0 18875
0.021897964 0ab2ece0 19366
0.02174682 0ab2ece0 17706
0.021743344 0ab2ece0 20792
0.021716874 0ab2ece0 20484
0.021692403 0ab2ece0 22240
0.02166405 0ab2ece0 17988
0.021600757 0ab2ece0 18684
0.021586595 0ab2ece0 18198
0.021565178 0ab2ece0 20731
0.021539515 0ab2ece0 20654
0.021518433 0ab2ece0 20488
0.021467334 0ab2ece0 21798
0.021458391 0ab2ece0 18417
0.021438232 0ab2ece0 17718
0.021407776 0ab2ece0 21178
0.021385785 0ab2ece0 16532
0.021369549 0ab2ece0 18469
0.021303577 0ab2ece0 18199
0.021251678 0ab2ece0 18499
0.021220963 0ab2ece0 19736
0.021183953 0ab2ece0 22434
0.021177128 0ab2ece0 17007
0.021171708 0ab2ece0 21147
0.021094102 0ab2ece0 17865
0.02102786 0ab2ece0 19519
0.020956745 0ab2ece0 14582
0.020910101 0ab2ece0 20055
0.020858333 0ab2ece0 17599
0.020759087 0ab2ece0 20093
0.020657713 0ab2ece0 18337
0.020638738 0ab2ece0 22006
0.020579241 0ab2ece0 14388
0.02054125 0ab2ece0 20564
0.02054125 0ab2ece0 20563
0.02054125 0ab2ece0 20562
0.02054125 0ab2ece0 20561
0.020489259 0ab2ece0 20932
0.020471575 0ab2ece0 21971
0.020467315 0ab2ece0 18188
0.020448964 0ab2ece0 18812
0.020444494 0ab2ece0 18939
0.020434055 0ab2ece0 17646
0.02043094 0ab2ece0 16991
0.020354977 0ab2ece0 18175
0.020340446 0ab2ece0 17547
0.020276442 0ab2ece0 19441
0.020262897 0ab2ece0 18416
0.020238617 0ab2ece0 20943
0.020226413 0ab2ece0 21954
0.020223461 0ab2ece0 15934
0.020210486 0ab2ece0 19910
0.020162739 0ab2ece0 16659
0.020146204 0ab2ece0 19743
0.020146204 0ab2ece0 19743
0.020099794 0ab2ece0 18323
0.020044966 0ab2ece0 18320
0.020034326 0ab2ece0 18995
0.019951941 0ab2ece0 17628
0.019893114 0ab2ece0 19203
0.019892571 0ab2ece0 15803
0.019890651 0ab2ece0 19883
0.019877397 0ab2ece0 15461
0.01985174 0ab2ece0 19600
0.019828558 0ab2ece0 21454
0.019811623 0ab2ece0 18077
0.019798148 0ab2ece0 17795
0.019783441 0ab2ece0 17592
0.019766964 0ab2ece0 17318
0.019755391 0ab2ece0 21188
0.019692399 0ab2ece0 18996
0.019684486 0ab2ece0 17676
0.019635431 0ab2ece0 21653
0.01960002 0ab2ece0 21509
0.019595142 0ab2ece0 19751
0.01957091 0ab2ece0 17112
0.01957039 0ab2ece0 21953
0.019518824 0ab2ece0 18832
0.01950901 0ab2ece0 17763
0.01949614 0ab2ece0 18861
0.019439505 0ab2ece0 12330
0.019415364 0ab2ece0 18143
0.019388737 0ab2ece0 20405
0.019371599 0ab2ece0 19929
0.019357547 0ab2ece0 19440
0.019357547 0ab2ece0 18347
0.019326326 0ab2ece0 16336
0.019300183 0ab2ece0 22368
0.019255832 0ab2ece0 20827
0.019222798 0ab2ece0 22432
0.019215431 0ab2ece0 17295
0.019154444 0ab2ece0 20148
0.019145954 0ab2ece0 18541
0.01913121 0ab2ece0 20123
0.019098062 0ab2ece0 17738
0.019040775 0ab2ece0 17279
0.019017104 0ab2ece0 19811
0.019002747 0ab2ece0 21579
0.018979382 0ab2ece0 11210
0.01894749 0ab2ece0 20005
0.01894749 0ab2ece0 19930
0.01894749 0ab2ece0 19359
0.01894749 0ab2ece0 18367
0.01894749 0ab2ece0 18109
0.01894749 0ab2ece0 18041
0.01887078 0ab2ece0 19370
0.01887078 0ab2ece0 18614
0.01887078 0ab2ece0 17920
0.01887078 0ab2ece0 16199
0.018819736 0ab2ece0 22397
0.01878365 0ab2ece0 20632
0.018774156 0ab2ece0 18879
0.01876129 0ab2ece0 12128
0.018736713 0ab2ece0 19211
0.018644568 0ab2ece0 21989
0.018539106 0ab2ece0 19433
0.018516809 0ab2ece0 17677
0.018486265 0ab2ece0 17041
0.018479332 0ab2ece0 16210
0.018476225 0ab2ece0 21440
0.018441109 0ab2ece0 22077
0.018441109 0ab2ece0 21107
0.018441109 0ab2ece0 20880
0.018441109 0ab2ece0 19678
0.018441109 0ab2ece0 19464
0.018441109 0ab2ece0 18671
0.018441109 0ab2ece0 18641
0.018441109 0ab2ece0 18429
0.018441109 0ab2ece0 18424
0.018441109 0ab2ece0 18400
0.018441109 0ab2ece0 18399
0.018441109 0ab2ece0 18397
0.018441109 0ab2ece0 18381
0.018441109 0ab2ece0 18369
0.018441109 0ab2ece0 18096
0.018441109 0ab2ece0 17850
0.018441109 0ab2ece0 17845
0.018441109 0ab2ece0 17280
0.018441109 0ab2ece0 17202
0.018441109 0ab2ece0 16963
0.018441109 0ab2ece0 16768
0.018441109 0ab2ece0 16680
0.018441109 0ab2ece0 16385
0.018441109 0ab2ece0 16384
0.018441109 0ab2ece0 16382
0.018441109 0ab2ece0 16381
0.018432759 0ab2ece0 21562
0.018420912 0ab2ece0 22058
0.018400388 0ab2ece0 18739
0.018370366 0ab2ece0 21978
0.018370366 0ab2ece0 20994
0.018370366 0ab2ece0 20306
0.018370366 0ab2ece0 19954
0.018370366 0ab2ece0 19839
0.018370366 0ab2ece0 19255
0.018370366 0ab2ece0 19081
0.018370366 0ab2ece0 18666
0.018370366 0ab2ece0 18284
0.018370366 0ab2ece0 18129
0.018370366 0ab2ece0 17980
0.018370366 0ab2ece0 17899
0.018370366 0ab2ece0 17650
0.018370366 0ab2ece0 16217
0.018370366 0ab2ece0 15159
0.01836623 0ab2ece0 20968
0.018348444 0ab2ece0 18380
0.018309437 0ab2ece0 21013
0.018225092 0ab2ece0 19277
0.018219983 0ab2ece0 17972
0.018195301 0ab2ece0 20829
0.018195301 0ab2ece0 20797
0.018170977 0ab2ece0 20190
0.018165743 0ab2ece0 17442
0.018138863 0ab2ece0 19317
0.01812533 0ab2ece0 21726
0.018119525 0ab2ece0 12507
0.018054917 0ab2ece0 19866
0.01797004 0ab2ece0 22276
0.01796116 0ab2ece0 18773
0.017943833 0ab2ece0 19021
0.017943833 0ab2ece0 18251
0.017894924 0ab2ece0 16367
0.01788353 0ab2ece0 18892
0.017872516 0ab2ece0 16120
0.017808748 0ab2ece0 17443
0.017780902 0ab2ece0 16228
0.017704848 0ab2ece0 19648
0.017702993 0ab2ece0 22019
0.017693492 0ab2ece0 18019
0.017642343 0ab2ece0 15109
0.017621782 0ab2ece0 17370
0.017614987 0ab2ece0 18206
0.01756394 0ab2ece0 17082
0.017550228 0ab2ece0 19935
0.01750476 0ab2ece0 21040
0.017501187 0ab2ece0 18791
0.017462362 0ab2ece0 21603
0.017451543 0ab2ece0 17765
0.017448101 0ab2ece0 10693
0.017440442 0ab2ece0 19072
0.01740941 0ab2ece0 16865
0.017366584 0ab2ece0 19406
0.017343767 0ab2ece0 17389
0.017343767 0ab2ece0 16403
0.017330896 0ab2ece0 21176
0.017249715 0ab2ece0 15656
0.017204016 0ab2ece0 17248
0.017159756 0ab2ece0 22079
0.017142026 0ab2ece0 19957
0.017105278 0ab2ece0 17249
0.017096637 0ab2ece0 21216
0.017056568 0ab2ece0 21697
0.017033791 0ab2ece0 10760
0.01697193 0ab2ece0 18747
0.016937561 0ab2ece0 19320
0.016880753 0ab2ece0 22347
0.016870687 0ab2ece0 17828
0.016797625 0ab2ece0 19756
0.01679587 0ab2ece0 15458
0.016764417 0ab2ece0 16964
0.016707286 0ab2ece0 21675
0.016705986 0ab2ece0 18247
0.016705545 0ab2ece0 21959
0.016698577 0ab2ece0 18252
0.01669705 0ab2ece0 20163
0.016691262 0ab2ece0 21587
0.016685098 0ab2ece0 17651
0.016680552 0ab2ece0 14900
0.01665122 0ab2ece0 20001
0.01660563 0ab2ece0 20033
0.016567994 0ab2ece0 17873
0.016562223 0ab2ece0 20107
0.016552767 0ab2ece0 21741
0.016506102 0ab2ece0 18180
0.016398627 0ab2ece0 21981
0.016375678 0ab2ece0 20449
0.016294071 0ab2ece0 17607
0.01627727 0ab2ece0 16253
0.016265195 0ab2ece0 17642
0.016265076 0ab2ece0 17056
0.016237315 0ab2ece0 19314
0.016174925 0ab2ece0 17808
0.016144132 0ab2ece0 22334
0.016100913 0ab2ece0 18360
0.0160948 0ab2ece0 20454
0.016091757 0ab2ece0 22060
0.016079934 0ab2ece0 20651
0.01605571 0ab2ece0 18766
0.01600254 0ab2ece0 14308
0.015988858 0ab2ece0 20441
0.015981283 0ab2ece0 19278
0.01595991 0ab2ece0 21698
0.015956003 0ab2ece0 18080
0.01593975 0ab2ece0 17074
0.015934275 0ab2ece0 20893
0.01590865 0ab2ece0 17601
0.015905172 0ab2ece0 18154
0.015905172 0ab2ece0 16636
0.0159012 0ab2ece0 14471
0.015860204 0ab2ece0 18293
0.015855229 0ab2ece0 18858
0.01574944 0ab2ece0 21173
0.015719922 0ab2ece0 19276
0.015711201 0ab2ece0 15911
0.015686944 0ab2ece0 17461
0.0155793475 0ab2ece0 17489
0.015571311 0ab2ece0 19199
0.015538626 0ab2ece0 19392
0.0155270845 0ab2ece0 19815
0.015515389 0ab2ece0 19819
0.015466511 0ab2ece0 18539
0.015407317 0ab2ece0 18283
0.015395201 0ab2ece0 18836
0.015392844 0ab2ece0 19875
0.015325976 0ab2ece0 16074
0.015303828 0ab2ece0 16931
0.015260382 0ab2ece0 17015
0.015233396 0ab2ece0 18615
0.015226645 0ab2ece0 17730
0.0151985735 0ab2ece0 16461
0.015183189 0ab2ece0 19499
0.015167384 0ab2ece0 18453
0.0151482895 0ab2ece0 17630
0.015145942 0ab2ece0 19269
0.015133975 0ab2ece0 16308
0.015111829 0ab2ece0 15529
0.01506706 0ab2ece0 16485
0.015053252 0ab2ece0 19688
0.01500196 0ab2ece0 19033
0.014985371 0ab2ece0 15417
0.014957334 0ab2ece0 19176
0.014950508 0ab2ece0 21945
0.014945516 0ab2ece0 21839
0.014936171 0ab2ece0 20147
0.014932577 0ab2ece0 18805
0.014924323 0ab2ece0 21902
0.0149121415 0ab2ece0 18581
0.014854005 0ab2ece0 16471
0.014822979 0ab2ece0 21219
0.014787176 0ab2ece0 19178
0.014766347 0ab2ece0 18093
0.014757598 0ab2ece0 16473
0.014715569 0ab2ece0 19799
0.014700163 0ab2ece0 18512
0.014692396 0ab2ece0 18081
0.014675342 0ab2ece0 20191
0.01465944 0ab2ece0 21204
0.014637436 0ab2ece0 21519
0.014579185 0ab2ece0 18842
0.014579185 0ab2ece0 18841
0.014542702 0ab2ece0 19038
0.014535336 0ab2ece0 16892
0.01449532 0ab2ece0 18924
0.014444642 0ab2ece0 16251
0.014438726 0ab2ece0 17785
0.014380161 0ab2ece0 17310
0.014363108 0ab2ece0 16316
0.014341919 0ab2ece0 16279
0.014330875 0ab2ece0 19090
0.014313729 0ab2ece0 15499
0.014282618 0ab2ece0 18502
0.014278479 0ab2ece0 18050
0.014278479 0ab2ece0 18033
0.014262231 0ab2ece0 17491
0.014254974 0ab2ece0 17791
0.014242956 0ab2ece0 15790
0.01420677 0ab2ece0 12266
0.014205704 0ab2ece0 19310
0.014190869 0ab2ece0 14357
0.014180269 0ab2ece0 17833
0.01415515 0ab2ece0 20983
0.014114443 0ab2ece0 16775
0.014108477 0ab2ece0 16648
0.014098773 0ab2ece0 21551
0.0140745565 0ab2ece0 18906
0.013988346 0ab2ece0 13143
0.0139601305 0ab2ece0 17176
0.01394616 0ab2ece0 19166
0.01391466 0ab2ece0 17783
0.0139120575 0ab2ece0 20295
0.013909139 0ab2ece0 17862
0.013905019 0ab2ece0 21550
0.013901523 0ab2ece0 22039
0.013882158 0ab2ece0 19856
0.013852767 0ab2ece0 18062
0.013705909 0ab2ece0 17504
0.013693571 0ab2ece0 20235
0.013690267 0ab2ece0 15836
0.013613796 0ab2ece0 17128
0.013613574 0ab2ece0 16145
0.013606701 0ab2ece0 16495
0.013595196 0ab2ece0 18576
0.013577533 0ab2ece0 22111
0.0135482205 0ab2ece0 15340
0.013545142 0ab2ece0 19117
0.013531068 0ab2ece0 22438
0.013494715 0ab2ece0 16444
0.013492655 0ab2ece0 19965
0.013492655 0ab2ece0 19965
0.013472251 0ab2ece0 20146
0.013424748 0ab2ece0 19841
0.013419313 0ab2ece0 16216
0.0134055875 0ab2ece0 17678
0.013394052 0ab2ece0 18865
0.013369374 0ab2ece0 20137
0.013337908 0ab2ece0 20409
0.013326512 0ab2ece0 22182
0.013306536 0ab2ece0 20762
0.013301137 0ab2ece0 19892
0.013301091 0ab2ece0 19937
0.013282664 0ab2ece0 19738
0.013277354 0ab2ece0 17541
0.013267944 0ab2ece0 17293
0.013238398 0ab2ece0 18213
0.013205501 0ab2ece0 20052
0.013172712 0ab2ece0 15881
0.013155548 0ab2ece0 18920
0.013126968 0ab2ece0 17034
0.013052912 0ab2ece0 16343
0.013050067 0ab2ece0 17892
0.01304817 0ab2ece0 14630
0.013044785 0ab2ece0 19525
0.013030914 0ab2ece0 20558
0.013022804 0ab2ece0 18722
0.013020612 0ab2ece0 16443
0.012999428 0ab2ece0 17769
0.012964027 0ab2ece0 20503
0.012956694 0ab2ece0 14356
0.0129558835 0ab2ece0 16315
0.012916412 0ab2ece0 19654
0.012897188 0ab2ece0 14432
0.012896052 0ab2ece0 20298
0.012884834 0ab2ece0 19501
0.012846337 0ab2ece0 18357
0.012816271 0ab2ece0 18326
0.012810652 0ab2ece0 15870
0.012805755 0ab2ece0 21586
0.012794069 0ab2ece0 21181
0.012769811 0ab2ece0 18702
0.01274902 0ab2ece0 16383
0.012740138 0ab2ece0 17418
0.012633879 0ab2ece0 20833
0.012600495 0ab2ece0 17471
0.012578005 0ab2ece0 19739
0.012564173 0ab2ece0 21982
0.012561696 0ab2ece0 20501
0.012548919 0ab2ece0 16980
0.01252872 0ab2ece0 16503
0.012525756 0ab2ece0 13960
0.012522408 0ab2ece0 18873
0.012516307 0ab2ece0 21236
0.012493834 0ab2ece0 17492
0.012434091 0ab2ece0 19760
0.012428693 0ab2ece0 20086
0.012428693 0ab2ece0 20086
0.0124164075 0ab2ece0 17581
0.012391533 0ab2ece0 14713
0.012382071 0ab2ece0 22127
0.012366997 0ab2ece0 19322
0.01235362 0ab2ece0 19668
0.012345671 0ab2ece0 20401
0.012340711 0ab2ece0 21501
0.01231366 0ab2ece0 16526
0.012281628 0ab2ece0 18368
0.012264589 0ab2ece0 16820
0.0122567015 0ab2ece0 20087
0.0122567015 0ab2ece0 20087
0.012242178 0ab2ece0 16608
0.012225984 0ab2ece0 18413
0.012197433 0ab2ece0 20244
0.012177832 0ab2ece0 22361
0.012173036 0ab2ece0 17417
0.0120981755 0ab2ece0 19342
0.01209218 0ab2ece0 19480
0.012038702 0ab2ece0 15828
0.011982464 0ab2ece0 11489
0.011952957 0ab2ece0 16309
0.01192092 0ab2ece0 20957
0.0118257 0ab2ece0 20780
0.011809028 0ab2ece0 18514
0.011805702 0ab2ece0 19134
0.011804676 0ab2ece0 16016
0.011799405 0ab2ece0 21155
0.0117907785 0ab2ece0 19874
0.011770427 0ab2ece0 22027
0.011770427 0ab2ece0 22026
0.011754622 0ab2ece0 20440
0.011747577 0ab2ece0 19347
0.011700082 0ab2ece0 16587
0.011673337 0ab2ece0 16061
0.011666751 0ab2ece0 17746
0.011646173 0ab2ece0 17415
0.011640833 0ab2ece0 19923
0.011630772 0ab2ece0 18496
0.01161394 0ab2ece0 17935
0.01157696 0ab2ece0 19233
0.011569163 0ab2ece0 16875
0.011485654 0ab2ece0 17019
0.011478381 0ab2ece0 16915
0.011412876 0ab2ece0 22082
0.011409087 0ab2ece0 17150
0.011400794 0ab2ece0 21780
0.011382207 0ab2ece0 15913
0.011347906 0ab2ece0 19818
0.011347346 0ab2ece0 18376
0.011310312 0ab2ece0 16925
0.011256171 0ab2ece0 20801
0.011253813 0ab2ece0 19904
0.011250743 0ab2ece0 22102
0.01124908 0ab2ece0 17936
0.011247636 0ab2ece0 17204
0.011233599 0ab2ece0 22094
0.011180072 0ab2ece0 17222
0.011154862 0ab2ece0 18591
0.011141917 0ab2ece0 17890
0.011122266 0ab2ece0 16793
0.011120703 0ab2ece0 16521
0.011087378 0ab2ece0 17001
0.011067452 0ab2ece0 21401
0.011028903 0ab2ece0 19872
0.01099601 0ab2ece0 16747
0.010954583 0ab2ece0 19779
0.010917506 0ab2ece0 19058
0.010899355 0ab2ece0 19251
0.010882014 0ab2ece0 18638
0.0108171515 0ab2ece0 17118
0.010816108 0ab2ece0 22386
0.010808089 0ab2ece0 18258
0.010759252 0ab2ece0 18483
0.0107513275 0ab2ece0 20174
0.010743411 0ab2ece0 22411
0.010735885 0ab2ece0 19427
0.010732018 0ab2ece0 18531
0.010731017 0ab2ece0 14026
0.010715098 0ab2ece0 16734
0.0107055195 0ab2ece0 21118
0.010704648 0ab2ece0 19926
0.010701237 0ab2ece0 16518
0.010681864 0ab2ece0 19287
0.010669241 0ab2ece0 20028
0.010656288 0ab2ece0 17434
0.010648251 0ab2ece0 16209
0.010621999 0ab2ece0 16887
0.010614173 0ab2ece0 17368
0.0105762575 0ab2ece0 17868
0.010557331 0ab2ece0 18862
0.010525637 0ab2ece0 18622
0.01046182 0ab2ece0 22318
0.010440184 0ab2ece0 16135
0.01041035 0ab2ece0 19401
0.010301622 0ab2ece0 13054
0.010299623 0ab2ece0 19671
0.010289321 0ab2ece0 19511
0.0102472715 0ab2ece0 21897
0.010242846 0ab2ece0 19241
0.010205257 0ab2ece0 17331
0.010187406 0ab2ece0 15487
0.010187406 0ab2ece0 15485
0.010163113 0ab2ece0 17946
0.010088379 0ab2ece0 17459
0.010085768 0ab2ece0 19481
0.0100214295 0ab2ece0 20830
0.010019735 0ab2ece0 19348
0.0099820085 0ab2ece0 18305
0.009853348 0ab2ece0 18709
0.009831217 0ab2ece0 22007
0.009807228 0ab2ece0 16469
0.009791302 0ab2ece0 16767
0.009790876 0ab2ece0 15814
0.009716233 0ab2ece0 17542
0.009713007 0ab2ece0 20929
0.009698292 0ab2ece0 20530
0.009680163 0ab2ece0 20848
0.009672495 0ab2ece0 17421
0.0096298 0ab2ece0 18394
0.009611148 0ab2ece0 17030
0.009585003 0ab2ece0 16618
0.009578781 0ab2ece0 20173
0.009572436 0ab2ece0 19890
0.009531241 0ab2ece0 16340
0.009531241 0ab2ece0 16339
0.009531241 0ab2ece0 16337
0.009531241 0ab2ece0 16335
0.009490812 0ab2ece0 19762
0.009481923 0ab2ece0 17668
0.009436624 0ab2ece0 15432
0.0094008455 0ab2ece0 18178
0.0093825245 0ab2ece0 18719
0.009373874 0ab2ece0 19602
0.009363219 0ab2ece0 17231
0.009314504 0ab2ece0 19781
0.009313278 0ab2ece0 20284
0.009313278 0ab2ece0 20283
0.009313278 0ab2ece0 20282
0.009278399 0ab2ece0 17565
0.009262956 0ab2ece0 18997
0.009182786 0ab2ece0 14765
0.009150844 0ab2ece0 21404
0.009137744 0ab2ece0 17395
0.009128787 0ab2ece0 17571
0.009116432 0ab2ece0 17598
0.009116432 0ab2ece0 17575
0.009104635 0ab2ece0 21381
0.009103587 0ab2ece0 16420
0.009050588 0ab2ece0 11944
0.008999288 0ab2ece0 21749
0.008994689 0ab2ece0 21349
0.00899368 0ab2ece0 18425
0.008986227 0ab2ece0 16561
0.0089784 0ab2ece0 21661
0.008971712 0ab2ece0 22278
0.008894121 0ab2ece0 17215
0.008891997 0ab2ece0 16029
0.008863026 0ab2ece0 19859
0.008850258 0ab2ece0 22291
0.008850229 0ab2ece0 10396
0.008723307 0ab2ece0 20585
0.008721256 0ab2ece0 17821
0.008711134 0ab2ece0 20514
0.00866543 0ab2ece0 19912
0.008661732 0ab2ece0 21819
0.008631986 0ab2ece0 18282
0.0086319065 0ab2ece0 21957
0.00863176 0ab2ece0 20068
0.008598137 0ab2ece0 18263
0.008597136 0ab2ece0 21808
0.008582646 0ab2ece0 12312
0.0085489545 0ab2ece0 18395
0.008522433 0ab2ece0 17209
0.008513166 0ab2ece0 20586
0.008497112 0ab2ece0 18071
0.008481579 0ab2ece0 17538
0.008442979 0ab2ece0 17553
0.008411337 0ab2ece0 18774
0.008393 0ab2ece0 16175
0.008379787 0ab2ece0 13468
0.008367731 0ab2ece0 21796
0.008313543 0ab2ece0 21010
0.0082999375 0ab2ece0 20799
0.008264889 0ab2ece0 17514
0.008264498 0ab2ece0 21915
0.008248237 0ab2ece0 20581
0.008245339 0ab2ece0 20587
0.008233961 0ab2ece0 20588
0.008219643 0ab2ece0 16289
0.008160143 0ab2ece0 12313
0.008135164 0ab2ece0 15469
0.008106757 0ab2ece0 18458
0.008096851 0ab2ece0 16068
0.007963085 0ab2ece0 17973
0.007882824 0ab2ece0 16842
0.007841799 0ab2ece0 17219
0.0078303395 0ab2ece0 16355
0.0077978806 0ab2ece0 17211
0.0077978806 0ab2ece0 17183
0.007796846 0ab2ece0 19454
0.0077808774 0ab2ece0 13799
0.0077716345 0ab2ece0 17902
0.007746747 0ab2ece0 21190
0.0077369064 0ab2ece0 17165
0.007721869 0ab2ece0 17025
0.0077095865 0ab2ece0 17901
0.0075828787 0ab2ece0 19308
0.00755444 0ab2ece0 21641
0.0074867955 0ab2ece0 21539
0.0074824886 0ab2ece0 17029
0.007444979 0ab2ece0 17997
0.007409979 0ab2ece0 16904
0.007402961 0ab2ece0 18094
0.0074024443 0ab2ece0 22115
0.0073834253 0ab2ece0 17425
0.0073676053 0ab2ece0 20890
0.0073391143 0ab2ece0 16481
0.00729486 0ab2ece0 16396
0.0072829286 0ab2ece0 16378
0.0072724377 0ab2ece0 17726
0.0072193914 0ab2ece0 15521
0.00713693 0ab2ece0 14126
0.007087149 0ab2ece0 15505
0.0070525436 0ab2ece0 19581
0.0070416485 0ab2ece0 16192
0.0070158895 0ab2ece0 10378
0.006975709 0ab2ece0 17022
0.0069623124 0ab2ece0 17986
0.0069167023 0ab2ece0 19844
0.006867288 0ab2ece0 15871
0.0068499623 0ab2ece0 18701
0.00682007 0ab2ece0 21295
0.006812166 0ab2ece0 19868
0.006809021 0ab2ece0 17626
0.006686516 0ab2ece0 21683
0.006669313 0ab2ece0 17027
0.006646662 0ab2ece0 20139
0.0066266363 0ab2ece0 13359
0.006602655 0ab2ece0 22066
0.006510954 0ab2ece0 15697
0.006503723 0ab2ece0 17692
0.0064941114 0ab2ece0 16477
0.006490944 0ab2ece0 10377
0.0064841057 0ab2ece0 20183
0.0064840913 0ab2ece0 17124
0.0064136526 0ab2ece0 20557
0.00640453 0ab2ece0 19153
0.0063912673 0ab2ece0 21274
0.006329206 0ab2ece0 19419
0.0063198805 0ab2ece0 17026
0.006301432 0ab2ece0 15971
0.006288252 0ab2ece0 19284
0.0062369304 0ab2ece0 14542
0.006235325 0ab2ece0 11089
0.0062335534 0ab2ece0 19700
0.006193606 0ab2ece0 20639
0.006183151 0ab2ece0 16441
0.006170648 0ab2ece0 19547
0.0061208783 0ab2ece0 22075
0.006111579 0ab2ece0 22410
0.0060845204 0ab2ece0 21753
0.0060597085 0ab2ece0 13749
0.0060516424 0ab2ece0 16137
0.0060308976 0ab2ece0 18241
0.0060308976 0ab2ece0 18241
0.005961787 0ab2ece0 18311
0.005886405 0ab2ece0 15939
0.0058443844 0ab2ece0 20967
0.0058391313 0ab2ece0 19472
0.0056883185 0ab2ece0 18069
0.0056883185 0ab2ece0 18069
0.00558611 0ab2ece0 20764
0.005562569 0ab2ece0 20437
0.005527526 0ab2ece0 20537
0.005473829 0ab2ece0 22150
0.0053565335 0ab2ece0 21764
0.005349012 0ab2ece0 15722
0.005239273 0ab2ece0 20312
0.0051714866 0ab2ece0 19004
0.005148065 0ab2ece0 19850
0.0051246407 0ab2ece0 19851
0.0051243035 0ab2ece0 22210
0.0050719148 0ab2ece0 19390
0.0050696144 0ab2ece0 18136
0.0049863765 0ab2ece0 17608
0.004986221 0ab2ece0 18103
0.004986221 0ab2ece0 18103
0.004936389 0ab2ece0 18758
0.0048763556 0ab2ece0 12845
0.0048645195 0ab2ece0 17073
0.0048467666 0ab2ece0 17032
0.004845938 0ab2ece0 16900
0.0048269555 0ab2ece0 18211
0.0048269555 0ab2ece0 17859
0.0048269555 0ab2ece0 15949
0.0048265206 0ab2ece0 17238
0.0048195957 0ab2ece0 18975
0.0048176753 0ab2ece0 18976
0.004798795 0ab2ece0 17439
0.004735379 0ab2ece0 22243
0.0047014076 0ab2ece0 22247
0.0046898224 0ab2ece0 19093
0.0046840077 0ab2ece0 16002
0.004609869 0ab2ece0 22392
0.0046031238 0ab2ece0 12826
0.0045503164 0ab2ece0 18856
0.004483451 0ab2ece0 17897
0.004483451 0ab2ece0 17792
0.004483451 0ab2ece0 17033
0.004483451 0ab2ece0 17031
0.004483451 0ab2ece0 16943
0.004483451 0ab2ece0 16942
0.004483451 0ab2ece0 16806
0.004483451 0ab2ece0 16792
0.004483451 0ab2ece0 16783
0.0044677556 0ab2ece0 17554
0.004461778 0ab2ece0 21298
0.0044005723 0ab2ece0 19285
0.004379818 0ab2ece0 16813
0.004342146 0ab2ece0 18868
0.0043316623 0ab2ece0 16962
0.0042706067 0ab2ece0 16344
0.0042633396 0ab2ece0 16789
0.004243366 0ab2ece0 22207
0.004243366 0ab2ece0 21866
0.004215005 0ab2ece0 20708
0.004215005 0ab2ece0 19606
0.004215005 0ab2ece0 19453
0.004215005 0ab2ece0 18362
0.004215005 0ab2ece0 18269
0.004215005 0ab2ece0 18052
0.004215005 0ab2ece0 17591
0.004215005 0ab2ece0 17498
0.004215005 0ab2ece0 17411
0.004215005 0ab2ece0 17181
0.004215005 0ab2ece0 17065
0.004215005 0ab2ece0 16215
0.004215005 0ab2ece0 15566
0.0042125485 0ab2ece0 18654
0.0041491035 0ab2ece0 20919
0.0041153855 0ab2ece0 14970
0.00407042 0ab2ece0 18725
0.00401162 0ab2ece0 17016
0.0039833356 0ab2ece0 13402
0.0039785705 0ab2ece0 19282
0.0039785705 0ab2ece0 18099
0.0039785705 0ab2ece0 17981
0.00394984 0ab2ece0 20616
0.003906371 0ab2ece0 22185
0.0039018109 0ab2ece0 16924
0.0038996167 0ab2ece0 19990
0.003897496 0ab2ece0 17984
0.0038033111 0ab2ece0 16069
0.0037973942 0ab2ece0 19761
0.003745095 0ab2ece0 20406
0.0036847708 0ab2ece0 16021
0.003666916 0ab2ece0 19725
0.0036516371 0ab2ece0 21765
0.0035784915 0ab2ece0 19273
0.0035569645 0ab2ece0 17154
0.0035256068 0ab2ece0 19404
0.0035035482 0ab2ece0 19473
0.0034508598 0ab2ece0 19958
0.0033898242 0ab2ece0 18236
0.0033175983 0ab2ece0 19836
0.00331177 0ab2ece0 18902
0.003249822 0ab2ece0 21197
0.0032417958 0ab2ece0 16975
0.003228529 0ab2ece0 18779
0.0032038866 0ab2ece0 16640
0.003196308 0ab2ece0 17205
0.0031878052 0ab2ece0 19731
0.0031756079 0ab2ece0 18899
0.0031737287 0ab2ece0 17186
0.003168475 0ab2ece0 16318
0.0031619712 0ab2ece0 21474
0.0031200754 0ab2ece0 17487
0.0030915332 0ab2ece0 20010
0.003090111 0ab2ece0 16886
0.0030141505 0ab2ece0 21167
0.0030138886 0ab2ece0 16756
0.0030094795 0ab2ece0 18633
0.0030094795 0ab2ece0 18632
0.002958616 0ab2ece0 14019
0.002953641 0ab2ece0 21109
0.0029536267 0ab2ece0 17448
0.0029385933 0ab2ece0 17400
0.0028788794 0ab2ece0 18904
0.0028446023 0ab2ece0 22081
0.002826707 0ab2ece0 20020
0.002787434 0ab2ece0 18013
0.0027752772 0ab2ece0 13968
0.0027404139 0ab2ece0 16974
0.002640597 0ab2ece0 16976
0.0026190686 0ab2ece0 15358
0.0026114343 0ab2ece0 18808
0.0025982144 0ab2ece0 17028
0.0025737318 0ab2ece0 20615
0.0025560427 0ab2ece0 19030
0.0025162576 0ab2ece0 19550
0.0024754785 0ab2ece0 21973
0.0024685403 0ab2ece0 16741
0.0023881283 0ab2ece0 21535
0.0023590997 0ab2ece0 18605
0.0023317253 0ab2ece0 17080
0.002331466 0ab2ece0 21885
0.002331263 0ab2ece0 17376
0.0022859392 0ab2ece0 22282
0.002272827 0ab2ece0 22088
0.002262623 0ab2ece0 18446
0.0022616843 0ab2ece0 19652
0.0022616843 0ab2ece0 17812
0.002243487 0ab2ece0 18364
0.0022423884 0ab2ece0 22355
0.0022423884 0ab2ece0 21140
0.0022423884 0ab2ece0 19237
0.0022423884 0ab2ece0 19218
0.0022423884 0ab2ece0 19049
0.0022423884 0ab2ece0 17891
0.002230946 0ab2ece0 19201
0.0022257261 0ab2ece0 17486
0.0022229599 0ab2ece0 18554
0.0022229599 0ab2ece0 17764
0.0022229599 0ab2ece0 17263
0.00221306 0ab2ece0 19240
0.0021537351 0ab2ece0 18179
0.0021499447 0ab2ece0 18587
0.002143514 0ab2ece0 15827
0.0021279855 0ab2ece0 17254
0.0021099097 0ab2ece0 22267
0.002087867 0ab2ece0 18159
0.0020829437 0ab2ece0 17308
0.0020808605 0ab2ece0 21363
0.0020808605 0ab2ece0 21327
0.0020808605 0ab2ece0 21079
0.0020808605 0ab2ece0 20669
0.0020808605 0ab2ece0 19900
0.0020808605 0ab2ece0 18907
0.0020808605 0ab2ece0 17893
0.0020808605 0ab2ece0 17123
0.0020808605 0ab2ece0 16567
0.0020808605 0ab2ece0 16311
0.0020808605 0ab2ece0 13091
0.0020653072 0ab2ece0 21988
0.0020653072 0ab2ece0 20425
0.0020653072 0ab2ece0 18011
0.0020653072 0ab2ece0 17562
0.0020653072 0ab2ece0 16969
0.0020653072 0ab2ece0 16240
0.0020653072 0ab2ece0 16212
0.0020554967 0ab2ece0 21183
0.0020434675 0ab2ece0 16531
0.0020395315 0ab2ece0 21050
0.00199597 0ab2ece0 14181
0.0019928913 0ab2ece0 21818
0.0019585614 0ab2ece0 20386
0.0019455758 0ab2ece0 21964
0.0019424796 0ab2ece0 19729
0.0019419474 0ab2ece0 21223
0.0019144816 0ab2ece0 22281
0.001905948 0ab2ece0 17843
0.001898159 0ab2ece0 20504
0.0018878914 0ab2ece0 18365
0.0018666012 0ab2ece0 19816
0.0018545284 0ab2ece0 20759
0.0018298104 0ab2ece0 17479
0.001779489 0ab2ece0 20314
0.0017793467 0ab2ece0 20109
0.0017450474 0ab2ece0 17401
0.0017212172 0ab2ece0 17917
0.0017028151 0ab2ece0 13762
0.0016971825 0ab2ece0 17481
0.0016855515 0ab2ece0 17619
0.0016660877 0ab2ece0 16508
0.0016483522 0ab2ece0 15938
0.0016327566 0ab2ece0 20489
0.0016021507 0ab2ece0 18351
0.0015965528 0ab2ece0 20734
0.0015873907 0ab2ece0 18860
0.0015850387 0ab2ece0 22183
0.0015732961 0ab2ece0 16682
0.0015695851 0ab2ece0 20629
0.001556149 0ab2ece0 21284
0.0015525575 0ab2ece0 20442
0.0015408876 0ab2ece0 22022
0.0015399281 0ab2ece0 16524
0.0015320332 0ab2ece0 18142
0.0015258801 0ab2ece0 16951
0.0015176081 0ab2ece0 20547
0.0014994463 0ab2ece0 16686
0.0014985723 0ab2ece0 18494
0.0014871247 0ab2ece0 18913
0.0014851841 0ab2ece0 20018
0.0014694671 0ab2ece0 19583
0.0014675856 0ab2ece0 19136
0.0014583594 0ab2ece0 12959
0.0014581223 0ab2ece0 16252
0.0014547189 0ab2ece0 19950
0.0014472154 0ab2ece0 21333
0.0014471058 0ab2ece0 19352
0.00144339 0ab2ece0 22253
0.0014420463 0ab2ece0 19361
0.0014227635 0ab2ece0 17945
0.0014118998 0ab2ece0 18803
0.001406873 0ab2ece0 10541
0.0013939033 0ab2ece0 19536
0.0013801875 0ab2ece0 21962
0.001324361 0ab2ece0 22384
0.0013223788 0ab2ece0 20121
0.0013194 0ab2ece0 19130
0.0013071403 0ab2ece0 19917
0.0013007013 0ab2ece0 20842
0.0012925591 0ab2ece0 20473
0.0012855721 0ab2ece0 18202
0.0012547058 0ab2ece0 22294
0.0012517524 0ab2ece0 20132
0.0012509936 0ab2ece0 18230
0.0012433445 0ab2ece0 18926
0.0012393288 0ab2ece0 22443
0.0012316247 0ab2ece0 19665
0.0012316247 0ab2ece0 19421
0.001227961 0ab2ece0 15029
0.0012250447 0ab2ece0 22440
0.001216543 0ab2ece0 21852
0.0012029608 0ab2ece0 22036
0.0011824425 0ab2ece0 19905
0.0011633574 0ab2ece0 21282
0.0011443371 0ab2ece0 13640
0.0011414472 0ab2ece0 16225
0.0011374704 0ab2ece0 20528
0.0010784596 0ab2ece0 20383
0.0010732375 0ab2ece0 14419
0.001067158 0ab2ece0 15908
0.0010657558 0ab2ece0 15518
0.0010618822 0ab2ece0 13058
0.0010435545 0ab2ece0 19056
0.0010195407 0ab2ece0 16922
0.001012056 0ab2ece0 19660
0.0010052786 0ab2ece0 17171
0.0009985802 0ab2ece0 21312
0.0009795838 0ab2ece0 19576
0.0009777754 0ab2ece0 14819
0.0009771537 0ab2ece0 18928
0.000974082 0ab2ece0 21244
0.0009676221 0ab2ece0 14971
0.0009582894 0ab2ece0 18626
0.00094355666 0ab2ece0 20257
0.0009407907 0ab2ece0 18874
0.00093517435 0ab2ece0 21621
0.00091895094 0ab2ece0 17478
0.0008881793 0ab2ece0 20572
0.0008766317 0ab2ece0 18674
0.0008749026 0ab2ece0 20930
0.00087352406 0ab2ece0 22293
0.00087168225 0ab2ece0 17324
0.00082805334 0ab2ece0 19785
0.0008153924 0ab2ece0 15402
0.0007952923 0ab2ece0 20904
0.00078714965 0ab2ece0 15886
0.00076787727 0ab2ece0 16905
0.0007653589 0ab2ece0 22408
0.00076021045 0ab2ece0 18366
0.00075401436 0ab2ece0 19045
0.00074984995 0ab2ece0 20770
0.00074864103 0ab2ece0 17230
0.0007410274 0ab2ece0 14340
0.0007173946 0ab2ece0 21713
0.0007069557 0ab2ece0 19275
0.0007020703 0ab2ece0 17919
0.00069956394 0ab2ece0 18630
0.0006954119 0ab2ece0 19311
0.0006951143 0ab2ece0 17304
0.000677113 0ab2ece0 16722
0.0006619874 0ab2ece0 12321
0.00065970735 0ab2ece0 19784
0.0006420997 0ab2ece0 18789
0.000640535 0ab2ece0 22331
0.00061692897 0ab2ece0 16821
0.0005959892 0ab2ece0 16716
0.0005939745 0ab2ece0 20460
0.0005826753 0ab2ece0 17413
0.000565186 0ab2ece0 18204
0.0005650271 0ab2ece0 20085
0.0005617322 0ab2ece0 16917
0.00055701105 0ab2ece0 19636
0.00055604294 0ab2ece0 20782
0.0005486568 0ab2ece0 16833
0.0005419376 0ab2ece0 20378
0.0005223331 0ab2ece0 16645
0.00048915774 0ab2ece0 17497
0.00047080358 0ab2ece0 21515
0.00046727053 0ab2ece0 16911
0.00045006908 0ab2ece0 18480
0.00044880353 0ab2ece0 20013
0.00044875388 0ab2ece0 20971
0.00044320727 0ab2ece0 18371
0.00037770477 0ab2ece0 21497
0.0003575921 0ab2ece0 18401
0.00032998758 0ab2ece0 15163
0.0003186192 0ab2ece0 18361
0.00030815063 0ab2ece0 18370
0.0002634532 0ab2ece0 16563
0.0002632011 0ab2ece0 22134
0.0 0ab2ece0 22436
0.0 0ab2ece0 22333
0.0 0ab2ece0 22323
0.0 0ab2ece0 22272
0.0 0ab2ece0 22252
0.0 0ab2ece0 22211
0.0 0ab2ece0 22193
0.0 0ab2ece0 22179
0.0 0ab2ece0 22138
0.0 0ab2ece0 22108
0.0 0ab2ece0 22090
0.0 0ab2ece0 22078
0.0 0ab2ece0 22046
0.0 0ab2ece0 21939
0.0 0ab2ece0 21938
0.0 0ab2ece0 21934
0.0 0ab2ece0 21917
0.0 0ab2ece0 21913
0.0 0ab2ece0 21908
0.0 0ab2ece0 21895
0.0 0ab2ece0 21877
0.0 0ab2ece0 21821
0.0 0ab2ece0 21814
0.0 0ab2ece0 21722
0.0 0ab2ece0 21686
0.0 0ab2ece0 21677
0.0 0ab2ece0 21659
0.0 0ab2ece0 21607
0.0 0ab2ece0 21606
0.0 0ab2ece0 21513
0.0 0ab2ece0 21505
0.0 0ab2ece0 21412
0.0 0ab2ece0 21384
0.0 0ab2ece0 21379
0.0 0ab2ece0 21378
0.0 0ab2ece0 21310
0.0 0ab2ece0 21307
0.0 0ab2ece0 21186
0.0 0ab2ece0 21170
0.0 0ab2ece0 21168
0.0 0ab2ece0 21153
0.0 0ab2ece0 21151
0.0 0ab2ece0 21145
0.0 0ab2ece0 21131
0.0 0ab2ece0 21127
0.0 0ab2ece0 21125
0.0 0ab2ece0 21066
0.0 0ab2ece0 21058
0.0 0ab2ece0 21035
0.0 0ab2ece0 21006
0.0 0ab2ece0 20922
0.0 0ab2ece0 20900
0.0 0ab2ece0 20852
0.0 0ab2ece0 20824
0.0 0ab2ece0 20810
0.0 0ab2ece0 20806
0.0 0ab2ece0 20751
0.0 0ab2ece0 20680
0.0 0ab2ece0 20664
0.0 0ab2ece0 20624
0.0 0ab2ece0 20621
0.0 0ab2ece0 20620
0.0 0ab2ece0 20619
0.0 0ab2ece0 20457
0.0 0ab2ece0 20275
0.0 0ab2ece0 20253
0.0 0ab2ece0 20213
0.0 0ab2ece0 20202
0.0 0ab2ece0 20201
0.0 0ab2ece0 20034
0.0 0ab2ece0 19967
0.0 0ab2ece0 19865
0.0 0ab2ece0 19860
0.0 0ab2ece0 19843
0.0 0ab2ece0 19833
0.0 0ab2ece0 19817
0.0 0ab2ece0 19796
0.0 0ab2ece0 19746
0.0 0ab2ece0 19695
0.0 0ab2ece0 19675
0.0 0ab2ece0 19674
0.0 0ab2ece0 19597
0.0 0ab2ece0 19528
0.0 0ab2ece0 19515
0.0 0ab2ece0 19450
0.0 0ab2ece0 19445
0.0 0ab2ece0 19439
0.0 0ab2ece0 19429
0.0 0ab2ece0 19411
0.0 0ab2ece0 19398
0.0 0ab2ece0 19335
0.0 0ab2ece0 19332
0.0 0ab2ece0 19268
0.0 0ab2ece0 19236
0.0 0ab2ece0 19216
0.0 0ab2ece0 19213
0.0 0ab2ece0 19182
0.0 0ab2ece0 19164
0.0 0ab2ece0 19029
0.0 0ab2ece0 19023
0.0 0ab2ece0 19022
0.0 0ab2ece0 19007
0.0 0ab2ece0 18942
0.0 0ab2ece0 18941
0.0 0ab2ece0 18929
0.0 0ab2ece0 18903
0.0 0ab2ece0 18881
0.0 0ab2ece0 18848
0.0 0ab2ece0 18799
0.0 0ab2ece0 18777
0.0 0ab2ece0 18698
0.0 0ab2ece0 18679
0.0 0ab2ece0 18660
0.0 0ab2ece0 18657
0.0 0ab2ece0 18634
0.0 0ab2ece0 18545
0.0 0ab2ece0 18533
0.0 0ab2ece0 18503
0.0 0ab2ece0 18481
0.0 0ab2ece0 18467
0.0 0ab2ece0 18465
0.0 0ab2ece0 18462
0.0 0ab2ece0 18444
0.0 0ab2ece0 18432
0.0 0ab2ece0 18331
0.0 0ab2ece0 18296
0.0 0ab2ece0 18215
0.0 0ab2ece0 18190
0.0 0ab2ece0 18161
0.0 0ab2ece0 18141
0.0 0ab2ece0 18127
0.0 0ab2ece0 18034
0.0 0ab2ece0 17975
0.0 0ab2ece0 17974
0.0 0ab2ece0 17931
0.0 0ab2ece0 17918
0.0 0ab2ece0 17912
0.0 0ab2ece0 17872
0.0 0ab2ece0 17870
0.0 0ab2ece0 17741
0.0 0ab2ece0 17714
0.0 0ab2ece0 17686
0.0 0ab2ece0 17622
0.0 0ab2ece0 17589
0.0 0ab2ece0 17515
0.0 0ab2ece0 17404
0.0 0ab2ece0 17399
0.0 0ab2ece0 17396
0.0 0ab2ece0 17365
0.0 0ab2ece0 17357
0.0 0ab2ece0 17329
0.0 0ab2ece0 17327
0.0 0ab2ece0 17311
0.0 0ab2ece0 17305
0.0 0ab2ece0 17302
0.0 0ab2ece0 17299
0.0 0ab2ece0 17297
0.0 0ab2ece0 17294
0.0 0ab2ece0 17287
0.0 0ab2ece0 17250
0.0 0ab2ece0 17226
0.0 0ab2ece0 17225
0.0 0ab2ece0 17190
0.0 0ab2ece0 17175
0.0 0ab2ece0 17169
0.0 0ab2ece0 17168
0.0 0ab2ece0 17158
0.0 0ab2ece0 17155
0.0 0ab2ece0 17135
0.0 0ab2ece0 17113
0.0 0ab2ece0 17110
0.0 0ab2ece0 17100
0.0 0ab2ece0 16948
0.0 0ab2ece0 16866
0.0 0ab2ece0 16838
0.0 0ab2ece0 16836
0.0 0ab2ece0 16822
0.0 0ab2ece0 16818
0.0 0ab2ece0 16804
0.0 0ab2ece0 16774
0.0 0ab2ece0 16770
0.0 0ab2ece0 16744
0.0 0ab2ece0 16709
0.0 0ab2ece0 16693
0.0 0ab2ece0 16593
0.0 0ab2ece0 16592
0.0 0ab2ece0 16591
0.0 0ab2ece0 16586
0.0 0ab2ece0 16578
0.0 0ab2ece0 16569
0.0 0ab2ece0 16558
0.0 0ab2ece0 16557
0.0 0ab2ece0 16483
0.0 0ab2ece0 16433
0.0 0ab2ece0 16418
0.0 0ab2ece0 16409
0.0 0ab2ece0 16395
0.0 0ab2ece0 16362
0.0 0ab2ece0 16275
0.0 0ab2ece0 16268
0.0 0ab2ece0 16227
0.0 0ab2ece0 16208
0.0 0ab2ece0 16201
0.0 0ab2ece0 16130
0.0 0ab2ece0 16122
0.0 0ab2ece0 16078
0.0 0ab2ece0 16019
0.0 0ab2ece0 15985
0.0 0ab2ece0 15942
0.0 0ab2ece0 15935
0.0 0ab2ece0 15924
0.0 0ab2ece0 15903
0.0 0ab2ece0 15812
0.0 0ab2ece0 15437
0.0 0ab2ece0 15308
0.0 0ab2ece0 15279
0.0 0ab2ece0 15158
0.0 0ab2ece0 14929
0.0 0ab2ece0 14889
0.0 0ab2ece0 14636
0.0 0ab2ece0 14584
0.0 0ab2ece0 13982
0.0 0ab2ece0 11651
0.0 0ab2ece0 11473
0.0 0ab2ece0 10816
0.0 0ab2ece0 10751
0.0 0ab2ece0 10509
0.0 0ab2ece0 9384
0.0 0ab2ece0 7157

