0.48607427 17207602 19652
0.48607427 17207602 17812
0.24504761 17207602 16120
0.21625449 17207602 16252
0.19941314 17207602 22318
0.19533974 17207602 19400
0.18571644 17207602 19392
0.18400055 17207602 19393
0.17443196 17207602 18512
0.16534658 17207602 19179
0.16249411 17207602 18263
0.14624134 17207602 16308
0.14446063 17207602 18922
0.13226818 17207602 19299
0.1270751 17207602 19863
0.11700403 17207602 21459
0.11361381 17207602 16557
0.097199105 17207602 19940
0.0932256 17207602 18852
0.09293939 17207602 19860
0.0835159 17207602 20556
0.07565781 17207602 19181
0.07079619 17207602 16659
0.07054955 17207602 21576
0.06937033 17207602 20139
0.06382455 17207602 20519
0.0604084 17207602 17460
0.05733604 17207602 19656
0.054085996 17207602 16801
0.05134254 17207602 22258
0.048803538 17207602 18832
0.04714928 17207602 17412
0.04675596 17207602 17145
0.04618015 17207602 19967
0.04542809 17207602 17489
0.04476897 17207602 19367
0.04386487 17207602 19960
0.041242532 17207602 18628
0.041242532 17207602 18627
0.040868785 17207602 17606
0.039866168 17207602 18651
0.03973909 17207602 18143
0.039418876 17207602 18275
0.039383493 17207602 16253
0.039031323 17207602 19483
0.03743939 17207602 18876
0.036577974 17207602 20516
0.03616587 17207602 20441
0.035614647 17207602 20737
0.03541565 17207602 18320
0.035265986 17207602 22082
0.03476499 17207602 22102
0.03466436 17207602 15214
0.034343492 17207602 19499
0.034152556 17207602 19519
0.034020912 17207602 20409
0.033595946 17207602 18793
0.03353486 17207602 20979
0.033375613 17207602 17621
0.0324494 17207602 19386
0.0323007 17207602 19090
0.032094862 17207602 17984
0.032067385 17207602 16980
0.03146396 17207602 19427
0.031444438 17207602 22039
0.03131006 17207602 19236
0.03131006 17207602 18679
0.031022266 17207602 16512
0.030904073 17207602 22240
0.030868411 17207602 18177
0.030582126 17207602 16593
0.030582126 17207602 15279
0.030582126 17207602 13982
0.03041063 17207602 17034
0.030255241 17207602 19937
0.030161804 17207602 21189
0.030070053 17207602 20196
0.029792335 17207602 18609
0.02956925 17207602 20762
0.029538782 17207602 16279
0.029499952 17207602 16502
0.02928872 17207602 17842
0.029139418 17207602 16336
0.028950388 17207602 18451
0.028904183 17207602 16948
0.028346943 17207602 15999
0.027753104 17207602 14356
0.02765676 17207602 16964
0.027344093 17207602 18673
0.027322086 17207602 20786
0.02716707 17207602 16711
0.027083393 17207602 17782
0.026967995 17207602 7157
0.026845772 17207602 18905
0.026753142 17207602 22434
0.026710782 17207602 17805
0.026371956 17207602 19314
0.026120666 17207602 16469
0.02595391 17207602 21549
0.025405781 17207602 17248
0.02525997 17207602 17249
0.025143271 17207602 19654
0.02512758 17207602 19009
0.025094863 17207602 19602
0.025035504 17207602 12305
0.024493774 17207602 20055
0.0243745 17207602 21218
0.024272937 17207602 14026
0.024265243 17207602 14713
0.023989119 17207602 19440
0.023989119 17207602 18347
0.023725105 17207602 18630
0.023596913 17207602 22163
0.023589615 17207602 21188
0.02348329 17207602 14678
0.023274785 17207602 19774
0.022976816 17207602 15910
0.02294646 17207602 18842
0.02294646 17207602 18841
0.02249828 17207602 17279
0.022388052 17207602 20005
0.022388052 17207602 19930
0.022388052 17207602 19359
0.022388052 17207602 18367
0.022388052 17207602 18109
0.022388052 17207602 18041
0.022297416 17207602 19370
0.022297416 17207602 18614
0.022297416 17207602 17920
0.022297416 17207602 16199
0.021789722 17207602 22077
0.021789722 17207602 21107
0.021789722 17207602 20880
0.021789722 17207602 19678
0.021789722 17207602 19464
0.021789722 17207602 18671
0.021789722 17207602 18641
0.021789722 17207602 18429
0.021789722 17207602 18424
0.021789722 17207602 18400
0.021789722 17207602 18399
0.021789722 17207602 18397
0.021789722 17207602 18381
0.021789722 17207602 18369
0.021789722 17207602 18096
0.021789722 17207602 17850
0.021789722 17207602 17845
0.021789722 17207602 17280
0.021789722 17207602 17202
0.021789722 17207602 16963
0.021789722 17207602 16768
0.021789722 17207602 16680
0.021789722 17207602 16385
0.021789722 17207602 16384
0.021789722 17207602 16382
0.021789722 17207602 16381
0.021706134 17207602 21978
0.021706134 17207602 20994
0.021706134 17207602 20306
0.021706134 17207602 19954
0.021706134 17207602 19839
0.021706134 17207602 19255
0.021706134 17207602 19081
0.021706134 17207602 18666
0.021706134 17207602 18284
0.021706134 17207602 18129
0.021706134 17207602 17980
0.021706134 17207602 17899
0.021706134 17207602 17650
0.021706134 17207602 16217
0.021706134 17207602 15159
0.021587081 17207602 19249
0.02149928 17207602 20829
0.02149928 17207602 20797
0.02141585 17207602 16495
0.021312961 17207602 11210
0.021276843 17207602 17825
0.021202149 17207602 19021
0.021202149 17207602 18251
0.021053538 17207602 12871
0.021042535 17207602 17443
0.020923074 17207602 17787
0.020917574 17207602 22019
0.02090635 17207602 18019
0.020845914 17207602 15109
0.02081359 17207602 18206
0.02059312 17207602 21455
0.020580707 17207602 19781
0.020520082 17207602 19406
0.020493118 17207602 17389
0.020493118 17207602 16403
0.020378437 17207602 18115
0.020079268 17207602 18079
0.019934135 17207602 17828
0.01984929 17207602 20557
0.019842917 17207602 18293
0.019794818 17207602 15848
0.01972897 17207602 20163
0.019712396 17207602 19815
0.019674817 17207602 20001
0.019620445 17207602 21261
0.019545358 17207602 14432
0.01942751 17207602 14699
0.019394806 17207602 19322
0.019339213 17207602 20137
0.019224484 17207602 16526
0.019053055 17207602 20543
0.018977275 17207602 14856
0.018901868 17207602 22355
0.018901868 17207602 21140
0.018901868 17207602 19237
0.018901868 17207602 19218
0.018901868 17207602 19049
0.018901868 17207602 17891
0.018836414 17207602 22006
0.018819721 17207602 17547
0.0187933 17207602 18154
0.0187933 17207602 16636
0.01877422 17207602 17461
0.018738097 17207602 18554
0.018738097 17207602 17764
0.018738097 17207602 17263
0.018699476 17207602 19910
0.018609285 17207602 21173
0.018564105 17207602 15911
0.018405832 17207602 19203
0.018282648 17207602 17607
0.018205041 17207602 18283
0.018195724 17207602 19517
0.01818274 17207602 20298
0.01808276 17207602 16931
0.018031428 17207602 17015
0.018017106 17207602 17320
0.018008392 17207602 16461
0.01799954 17207602 18615
0.017786684 17207602 19688
0.017775772 17207602 20175
0.017714534 17207602 18541
0.017642893 17207602 17760
0.017540293 17207602 21363
0.017540293 17207602 21327
0.017540293 17207602 21079
0.017540293 17207602 20669
0.017540293 17207602 19900
0.017540293 17207602 18907
0.017540293 17207602 17893
0.017540293 17207602 17123
0.017540293 17207602 16567
0.017540293 17207602 16311
0.017540293 17207602 13091
0.017484784 17207602 17763
0.017415214 17207602 20151
0.017409189 17207602 21988
0.017409189 17207602 20425
0.017409189 17207602 18011
0.017409189 17207602 17562
0.017409189 17207602 16969
0.017409189 17207602 16240
0.017409189 17207602 16212
0.017361742 17207602 16618
0.017354747 17207602 20123
0.017267246 17207602 22438
0.017145514 17207602 18080
0.01712744 17207602 18924
0.016971221 17207602 16316
0.016786013 17207602 19117
0.016677404 17207602 16775
0.016657697 17207602 19990
0.016576625 17207602 22207
0.016576625 17207602 21866
0.016548336 17207602 18939
0.016534612 17207602 15108
0.01650939 17207602 20386
0.016473312 17207602 19624
0.016465833 17207602 20708
0.016465833 17207602 19606
0.016465833 17207602 19453
0.016465833 17207602 18362
0.016465833 17207602 18269
0.016465833 17207602 18052
0.016465833 17207602 17591
0.016465833 17207602 17498
0.016465833 17207602 17411
0.016465833 17207602 17181
0.016465833 17207602 17065
0.016465833 17207602 16215
0.016465833 17207602 15566
0.016399931 17207602 21964
0.016372751 17207602 19433
0.016368208 17207602 18062
0.016298104 17207602 18453
0.016274884 17207602 18737
0.016264152 17207602 21311
0.01621557 17207602 18425
0.016085582 17207602 16145
0.016008362 17207602 15340
0.015987912 17207602 16442
0.015942708 17207602 19965
0.015942708 17207602 19965
0.015907057 17207602 20792
0.0158858 17207602 18499
0.015701277 17207602 19301
0.015696926 17207602 18188
0.01560341 17207602 20052
0.01559356 17207602 22079
0.0155443875 17207602 18920
0.015542207 17207602 19282
0.015542207 17207602 18099
0.015542207 17207602 17981
0.015476145 17207602 18647
0.015475633 17207602 20832
0.015439376 17207602 21586
0.015387539 17207602 18722
0.015383145 17207602 18805
0.015372379 17207602 18646
0.015329502 17207602 22111
0.015308465 17207602 16315
0.0152582135 17207602 21562
0.015211615 17207602 20245
0.015141649 17207602 16444
0.015122347 17207602 18865
0.015076401 17207602 17765
0.015037239 17207602 18670
0.014916606 17207602 16423
0.014856592 17207602 19929
0.014854051 17207602 18213
0.014834447 17207602 19761
0.014803739 17207602 16503
0.0147962775 17207602 18873
0.014789071 17207602 21236
0.01464934 17207602 20429
0.014640969 17207602 17026
0.014630459 17207602 22127
0.014594275 17207602 20046
0.014581587 17207602 21501
0.0145673035 17207602 16658
0.01451132 17207602 18153
0.014491642 17207602 16820
0.014486674 17207602 19153
0.014453376 17207602 18416
0.014420798 17207602 11257
0.014414767 17207602 19841
0.014393663 17207602 17857
0.014316621 17207602 22254
0.014304949 17207602 16383
0.014247983 17207602 17370
0.014204596 17207602 18892
0.014147426 17207602 19407
0.014086811 17207602 16725
0.014057843 17207602 18573
0.014057843 17207602 18555
0.013944143 17207602 18552
0.013922045 17207602 20827
0.013907751 17207602 22027
0.013907751 17207602 22026
0.013907278 17207602 18699
0.0138366725 17207602 16061
0.013793202 17207602 12457
0.013782397 17207602 18624
0.013782397 17207602 18595
0.013782397 17207602 18593
0.013782397 17207602 18592
0.013780514 17207602 18368
0.013745494 17207602 22055
0.013742736 17207602 18496
0.013691207 17207602 19890
0.013663373 17207602 18180
0.013658669 17207602 17417
0.013596602 17207602 16355
0.013567944 17207602 19480
0.01353033 17207602 21300
0.013479609 17207602 21726
0.013315228 17207602 17739
0.013277946 17207602 17619
0.013263407 17207602 18252
0.013255874 17207602 16741
0.0132527035 17207602 17651
0.013233142 17207602 19735
0.013231631 17207602 18093
0.013230574 17207602 20629
0.013141893 17207602 16793
0.013135371 17207602 21578
0.013131684 17207602 16703
0.013109102 17207602 22432
0.013077125 17207602 21401
0.013065446 17207602 18848
0.013006412 17207602 20830
0.012980703 17207602 18260
0.012977354 17207602 16624
0.012937888 17207602 17032
0.012924623 17207602 19736
0.012885006 17207602 18211
0.012885006 17207602 17859
0.012885006 17207602 15949
0.012858015 17207602 18638
0.012829168 17207602 22411
0.01282058 17207602 22386
0.012801485 17207602 17150
0.012779689 17207602 17642
0.012719873 17207602 17718
0.012566332 17207602 17507
0.012550365 17207602 15608
0.012541538 17207602 17368
0.012506684 17207602 19366
0.012475276 17207602 19799
0.012457376 17207602 13359
0.01240303 17207602 19044
0.012386647 17207602 19583
0.012262862 17207602 20316
0.012252474 17207602 17754
0.012221927 17207602 17056
0.012217652 17207602 20628
0.012126863 17207602 16441
0.012124304 17207602 17601
0.012103287 17207602 22150
0.012094725 17207602 22032
0.012094278 17207602 17730
0.012067452 17207602 19470
0.01205837 17207602 17331
0.012037277 17207602 15487
0.012037277 17207602 15485
0.012031247 17207602 20637
0.012002415 17207602 21255
0.011992078 17207602 19923
0.011986734 17207602 18575
0.011968059 17207602 17897
0.011968059 17207602 17792
0.011968059 17207602 17033
0.011968059 17207602 17031
0.011968059 17207602 16943
0.011968059 17207602 16942
0.011968059 17207602 16806
0.011968059 17207602 16792
0.011968059 17207602 16783
0.011964789 17207602 20662
0.01193288 17207602 17632
0.011926162 17207602 17554
0.011917184 17207602 19481
0.011900924 17207602 16915
0.011865679 17207602 13288
0.011787101 17207602 17304
0.011786695 17207602 21509
0.011703092 17207602 14650
0.011674502 17207602 20201
0.011667477 17207602 18891
0.011663932 17207602 19158
0.011658436 17207602 17471
0.0116371885 17207602 22061
0.0116132805 17207602 22368
0.01159325 17207602 18836
0.011592549 17207602 17690
0.011592222 17207602 21013
0.011574834 17207602 15796
0.011569246 17207602 16767
0.011472049 17207602 19935
0.011469338 17207602 17546
0.011407065 17207602 19292
0.011391095 17207602 19233
0.011369841 17207602 19872
0.011366722 17207602 21884
0.011361077 17207602 12330
0.011331388 17207602 17738
0.011275198 17207602 19269
0.011193668 17207602 15529
0.011106364 17207602 20554
0.0111035425 17207602 19901
0.01105588 17207602 18709
0.011041031 17207602 17707
0.010991202 17207602 19511
0.0109817535 17207602 17643
0.010964061 17207602 20842
0.010963209 17207602 17565
0.010931133 17207602 13968
0.010917427 17207602 21219
0.010895427 17207602 20473
0.010872269 17207602 20098
0.010825342 17207602 16587
0.010814296 17207602 12110
0.010812492 17207602 21404
0.010786429 17207602 17571
0.010728292 17207602 20638
0.010715453 17207602 19762
0.010657075 17207602 17674
0.010639909 17207602 22154
0.010609028 17207602 17705
0.010575335 17207602 22008
0.010570357 17207602 20869
0.010551454 17207602 20132
0.010505934 17207602 17231
0.010471777 17207602 19850
0.010444974 17207602 18465
0.010439012 17207602 19883
0.01042413 17207602 19851
0.010383868 17207602 19681
0.010381791 17207602 19665
0.010381791 17207602 19421
0.010339183 17207602 17429
0.010329995 17207602 21177
0.010312719 17207602 17200
0.010292765 17207602 17598
0.010292765 17207602 17575
0.010234214 17207602 19501
0.010218362 17207602 14630
0.010111762 17207602 16367
0.010107595 17207602 15358
0.01006518 17207602 21535
0.010061852 17207602 21216
0.009989385 17207602 17838
0.009983738 17207602 17943
0.009947421 17207602 19390
0.009852287 17207602 20405
0.009794134 17207602 16634
0.009770923 17207602 19622
0.009765436 17207602 15913
0.009752731 17207602 16258
0.009626811 17207602 20244
0.009588131 17207602 20528
0.009552374 17207602 19273
0.009544688 17207602 19651
0.009477841 17207602 18697
0.00945936 17207602 22397
0.00940689 17207602 10376
0.009405616 17207602 17400
0.009394623 17207602 17729
0.009366241 17207602 21512
0.009358738 17207602 14503
0.009352321 17207602 19473
0.009340407 17207602 18858
0.009338865 17207602 21452
0.009338865 17207602 21451
0.009312542 17207602 20581
0.009268316 17207602 20068
0.009256036 17207602 22060
0.009209211 17207602 17676
0.009189672 17207602 20378
0.009137314 17207602 16420
0.009099697 17207602 18236
0.0090907095 17207602 20383
0.00904669 17207602 14419
0.008952804 17207602 16033
0.008952107 17207602 22088
0.008934932 17207602 16309
0.008882492 17207602 15814
0.008872807 17207602 21681
0.008867572 17207602 21839
0.008857999 17207602 16838
0.008853661 17207602 17219
0.00884741 17207602 20183
0.008791496 17207602 19274
0.008746611 17207602 22115
0.008677529 17207602 18254
0.008623501 17207602 14765
0.008606644 17207602 20447
0.0085942885 17207602 21697
0.008594061 17207602 16922
0.008565813 17207602 19528
0.008556515 17207602 20799
0.008554561 17207602 19603
0.008476922 17207602 18899
0.00846719 17207602 17005
0.00845773 17207602 17673
0.008419975 17207602 17710
0.0084069 17207602 19751
0.008373597 17207602 15827
0.008349818 17207602 21117
0.008346627 17207602 16192
0.008289868 17207602 20454
0.008257251 17207602 19576
0.008256465 17207602 15520
0.008197034 17207602 16889
0.008194338 17207602 20949
0.008187783 17207602 20295
0.008180393 17207602 17581
0.008146902 17207602 18469
0.008098077 17207602 17504
0.008072413 17207602 20250
0.008029758 17207602 21183
0.008028112 17207602 20251
0.008018907 17207602 21897
0.008011898 17207602 18739
0.007958567 17207602 17582
0.0079409005 17207602 15881
0.007933456 17207602 18103
0.007933456 17207602 18103
0.007915809 17207602 18250
0.007897687 17207602 14019
0.007882908 17207602 21621
0.007867892 17207602 17016
0.007854363 17207602 20157
0.007808479 17207602 17303
0.0077851913 17207602 21818
0.007764634 17207602 16051
0.007751802 17207602 16050
0.00774651 17207602 19983
0.0077461554 17207602 17478
0.0077024736 17207602 20385
0.007687383 17207602 20194
0.007669596 17207602 10377
0.007612443 17207602 16764
0.0075879702 17207602 19961
0.0075389193 17207602 10378
0.007537679 17207602 22268
0.007512714 17207602 17019
0.0075111394 17207602 20195
0.007508617 17207602 17967
0.0075052683 17207602 17936
0.007502379 17207602 20186
0.007488365 17207602 17972
0.0074867704 17207602 20572
0.0074763815 17207602 20504
0.007458852 17207602 11464
0.007458287 17207602 8835
0.0074450695 17207602 14844
0.0074423766 17207602 21933
0.007440736 17207602 18013
0.0073654675 17207602 19700
0.00735883 17207602 15521
0.007358105 17207602 20067
0.007347712 17207602 17324
0.0073335962 17207602 20222
0.0073152217 17207602 16974
0.007260689 17207602 17709
0.007259877 17207602 19743
0.007259877 17207602 19743
0.007251319 17207602 17514
0.00720926 17207602 17027
0.007207173 17207602 17479
0.0071366844 17207602 19320
0.007069988 17207602 18048
0.0069799484 17207602 19785
0.0069643133 17207602 18057
0.0069624563 17207602 19868
0.006951271 17207602 19310
0.0069084438 17207602 14647
0.006885862 17207602 20093
0.00687968 17207602 20181
0.0068663056 17207602 15854
0.0068150684 17207602 18629
0.006789201 17207602 17541
0.006768087 17207602 19958
0.006758911 17207602 15511
0.0067544365 17207602 16883
0.0067268303 17207602 16393
0.006707443 17207602 17677
0.006686553 17207602 21530
0.0066828392 17207602 18791
0.0066671763 17207602 19585
0.006635271 17207602 17538
0.006630011 17207602 17481
0.0065258606 17207602 19866
0.006523185 17207602 16640
0.0065013687 17207602 17599
0.0064233844 17207602 20455
0.006419992 17207602 12266
0.006418283 17207602 20206
0.006400278 17207602 17492
0.00631671 17207602 13402
0.0063105538 17207602 17230
0.006309186 17207602 21524
0.006258771 17207602 18351
0.0062523414 17207602 18860
0.006230752 17207602 17118
0.006224274 17207602 17080
0.0062188543 17207602 17628
0.006211344 17207602 16477
0.006196419 17207602 17553
0.0061804317 17207602 18747
0.0061665126 17207602 15575
0.006128456 17207602 16913
0.006114824 17207602 11944
0.006104709 17207602 21878
0.0060775485 17207602 19222
0.006069177 17207602 22022
0.00606244 17207602 20180
0.006060559 17207602 16886
0.0060285903 17207602 15402
0.006027554 17207602 19072
0.006010561 17207602 18717
0.006003657 17207602 15120
0.0060019037 17207602 21533
0.0059880773 17207602 17448
0.0059848586 17207602 18142
0.005971486 17207602 15057
0.0059591737 17207602 19275
0.005954665 17207602 20503
0.005946005 17207602 19308
0.0059431964 17207602 13468
0.0058946726 17207602 22182
0.005817039 17207602 21962
0.0058095483 17207602 20488
0.0057680877 17207602 20553
0.0057618245 17207602 12845
0.0057117115 17207602 10441
0.005666567 17207602 19285
0.005644807 17207602 16343
0.0056321626 17207602 22267
0.0055949287 17207602 17608
0.0055733216 17207602 18159
0.005570408 17207602 20848
0.005539727 17207602 17136
0.0055092885 17207602 21186
0.005484592 17207602 17892
0.0054613655 17207602 22423
0.0054613655 17207602 22423
0.0054394314 17207602 19686
0.0054160533 17207602 22291
0.005401561 17207602 18576
0.00539604 17207602 21945
0.0053748824 17207602 19401
0.0053644935 17207602 18199
0.0053622737 17207602 16174
0.0053231088 17207602 13749
0.0052980217 17207602 22361
0.0052215243 17207602 16016
0.005191501 17207602 18373
0.00519022 17207602 17022
0.0051823654 17207602 18074
0.0051751235 17207602 16813
0.0051695267 17207602 19739
0.0051452117 17207602 18862
0.005142576 17207602 19957
0.0051063187 17207602 19917
0.0051013716 17207602 19550
0.0050985836 17207602 16422
0.0050958144 17207602 17028
0.0050932565 17207602 16340
0.0050932565 17207602 16339
0.0050932565 17207602 16337
0.0050932565 17207602 16335
0.0050902115 17207602 21155
0.0050863298 17207602 18175
0.0050621945 17207602 19454
0.005056903 17207602 18990
0.005035907 17207602 11489
0.005023799 17207602 16716
0.004982678 17207602 19816
0.0049704937 17207602 20764
0.0049662516 17207602 16391
0.0049477657 17207602 17487
0.004946512 17207602 18539
0.004938195 17207602 19598
0.0048795263 17207602 19819
0.0048112385 17207602 18069
0.0048112385 17207602 18069
0.004785735 17207602 15836
0.004769213 17207602 18581
0.0047497624 17207602 20109
0.004712445 17207602 17884
0.004708676 17207602 12312
0.004703687 17207602 20208
0.0046971063 17207602 16074
0.0046758545 17207602 17030
0.0046380106 17207602 17623
0.004612699 17207602 21953
0.0045963237 17207602 18926
0.004582834 17207602 20843
0.004577796 17207602 21858
0.004542256 17207602 19201
0.0045362106 17207602 20387
0.004483159 17207602 19348
0.00445185 17207602 18524
0.0044414103 17207602 20890
0.0043939706 17207602 16378
0.0043925466 17207602 17442
0.0043863226 17207602 20521
0.004374699 17207602 21676
0.0043652626 17207602 17486
0.004358457 17207602 20489
0.004321205 17207602 20471
0.004237595 17207602 18050
0.004237595 17207602 18033
0.004217781 17207602 21147
0.004215696 17207602 17222
0.0042138402 17207602 14542
0.004208872 17207602 20224
0.0042069857 17207602 16865
0.004199734 17207602 16682
0.004162402 17207602 19731
0.0041257995 17207602 17007
0.0041235955 17207602 19136
0.0040294616 17207602 21954
0.004021498 17207602 19856
0.003980298 17207602 16396
0.003950202 17207602 21454
0.0039196494 17207602 18794
0.0038963612 17207602 20077
0.0038804198 17207602 20160
0.0038212193 17207602 18812
0.0037951039 17207602 18622
0.003781343 17207602 18100
0.0036817207 17207602 16925
0.0036811307 17207602 19647
0.0036548232 17207602 21176
0.0036242998 17207602 17946
0.0035842035 17207602 18906
0.003555497 17207602 18766
0.0035342802 17207602 16976
0.003471461 17207602 19505
0.0034487017 17207602 17898
0.003419995 17207602 20731
0.0033501806 17207602 19959
0.003344914 17207602 19525
0.0033234544 17207602 17973
0.0033096496 17207602 17769
0.003294569 17207602 18902
0.0032779013 17207602 15029
0.0032611603 17207602 17345
0.0032363515 17207602 16905
0.0032068403 17207602 15879
0.003187385 17207602 20035
0.0031816005 17207602 16962
0.0031629067 17207602 19600
0.0031526214 17207602 15499
0.0031320357 17207602 16135
0.0031266804 17207602 19818
0.0031142146 17207602 16904
0.0031119569 17207602 15505
0.003082286 17207602 20146
0.002995252 17207602 17791
0.0029945394 17207602 14126
0.0029903902 17207602 20484
0.0029494234 17207602 20156
0.0028907151 17207602 13756
0.0028899277 17207602 16975
0.0028708957 17207602 18094
0.0028551684 17207602 17001
0.0028519868 17207602 21957
0.0028505332 17207602 13058
0.0028135364 17207602 14582
0.0027800244 17207602 14009
0.00277409 17207602 16972
0.0027203758 17207602 17954
0.0027108514 17207602 15971
0.0027093082 17207602 13762
0.0026666704 17207602 15790
0.0026590459 17207602 19729
0.002645412 17207602 16471
0.0026335835 17207602 13755
0.0026287823 17207602 21583
0.0026196972 17207602 20190
0.0026057956 17207602 15871
0.0025672745 17207602 16485
0.0025159544 17207602 16292
0.002514545 17207602 16473
0.0023899584 17207602 20204
0.0023681272 17207602 15939
0.0023666932 17207602 15417
0.0023501976 17207602 10396
0.002346131 17207602 16417
0.0023187145 17207602 12313
0.0022864891 17207602 19547
0.0022373605 17207602 20632
0.0022237098 17207602 22301
0.0021361758 17207602 15656
0.0020543714 17207602 18997
0.002037233 17207602 15469
0.0020169644 17207602 15722
0.002011032 17207602 19241
0.0019609204 17207602 19779
0.0019376345 17207602 19045
0.0019295423 17207602 21683
0.0019258145 17207602 17029
0.0019142337 17207602 20437
0.001906986 17207602 18731
0.001906986 17207602 18730
0.0018439413 17207602 19648
0.0018123374 17207602 11089
0.0017990724 17207602 18318
0.0017270747 17207602 19342
0.0017179616 17207602 21675
0.0016184008 17207602 12959
0.0015957223 17207602 18879
0.0015397432 17207602 18725
0.001464004 17207602 16077
0.0014573174 17207602 12826
0.0014516489 17207602 16991
0.0013280732 17207602 19030
0.001327098 17207602 16291
0.0013029908 17207602 13799
0.0012415277 17207602 18633
0.0012415277 17207602 18632
0.0008248148 17207602 20893
0.0007675168 17207602 19536
0.0004636222 17207602 22185
0.0001301507 17207602 20904
0.0 17207602 22443
0.0 17207602 22440
0.0 17207602 22436
0.0 17207602 22410
0.0 17207602 22408
0.0 17207602 22392
0.0 17207602 22390
0.0 17207602 22384
0.0 17207602 22350
0.0 17207602 22347
0.0 17207602 22334
0.0 17207602 22333
0.0 17207602 22331
0.0 17207602 22323
0.0 17207602 22310
0.0 17207602 22294
0.0 17207602 22293
0.0 17207602 22288
0.0 17207602 22284
0.0 17207602 22282
0.0 17207602 22281
0.0 17207602 22278
0.0 17207602 22276
0.0 17207602 22272
0.0 17207602 22253
0.0 17207602 22252
0.0 17207602 22247
0.0 17207602 22243
0.0 17207602 22237
0.0 17207602 22214
0.0 17207602 22211
0.0 17207602 22210
0.0 17207602 22198
0.0 17207602 22193
0.0 17207602 22183
0.0 17207602 22179
0.0 17207602 22138
0.0 17207602 22134
0.0 17207602 22108
0.0 17207602 22103
0.0 17207602 22094
0.0 17207602 22090
0.0 17207602 22081
0.0 17207602 22078
0.0 17207602 22075
0.0 17207602 22074
0.0 17207602 22066
0.0 17207602 22058
0.0 17207602 22046
0.0 17207602 22038
0.0 17207602 22036
0.0 17207602 22025
0.0 17207602 22015
0.0 17207602 22011
0.0 17207602 22007
0.0 17207602 22005
0.0 17207602 21989
0.0 17207602 21982
0.0 17207602 21981
0.0 17207602 21976
0.0 17207602 21973
0.0 17207602 21971
0.0 17207602 21959
0.0 17207602 21958
0.0 17207602 21944
0.0 17207602 21939
0.0 17207602 21938
0.0 17207602 21934
0.0 17207602 21921
0.0 17207602 21917
0.0 17207602 21915
0.0 17207602 21913
0.0 17207602 21908
0.0 17207602 21902
0.0 17207602 21895
0.0 17207602 21885
0.0 17207602 21877
0.0 17207602 21852
0.0 17207602 21844
0.0 17207602 21843
0.0 17207602 21842
0.0 17207602 21821
0.0 17207602 21819
0.0 17207602 21814
0.0 17207602 21808
0.0 17207602 21798
0.0 17207602 21796
0.0 17207602 21780
0.0 17207602 21765
0.0 17207602 21764
0.0 17207602 21753
0.0 17207602 21749
0.0 17207602 21741
0.0 17207602 21725
0.0 17207602 21723
0.0 17207602 21722
0.0 17207602 21713
0.0 17207602 21707
0.0 17207602 21706
0.0 17207602 21698
0.0 17207602 21690
0.0 17207602 21689
0.0 17207602 21686
0.0 17207602 21677
0.0 17207602 21661
0.0 17207602 21659
0.0 17207602 21658
0.0 17207602 21653
0.0 17207602 21641
0.0 17207602 21607
0.0 17207602 21606
0.0 17207602 21603
0.0 17207602 21587
0.0 17207602 21579
0.0 17207602 21551
0.0 17207602 21550
0.0 17207602 21539
0.0 17207602 21519
0.0 17207602 21517
0.0 17207602 21515
0.0 17207602 21513
0.0 17207602 21505
0.0 17207602 21497
0.0 17207602 21474
0.0 17207602 21440
0.0 17207602 21412
0.0 17207602 21411
0.0 17207602 21384
0.0 17207602 21381
0.0 17207602 21379
0.0 17207602 21378
0.0 17207602 21349
0.0 17207602 21333
0.0 17207602 21312
0.0 17207602 21310
0.0 17207602 21307
0.0 17207602 21298
0.0 17207602 21295
0.0 17207602 21284
0.0 17207602 21282
0.0 17207602 21274
0.0 17207602 21272
0.0 17207602 21244
0.0 17207602 21223
0.0 17207602 21204
0.0 17207602 21197
0.0 17207602 21190
0.0 17207602 21181
0.0 17207602 21178
0.0 17207602 21170
0.0 17207602 21168
0.0 17207602 21167
0.0 17207602 21163
0.0 17207602 21153
0.0 17207602 21151
0.0 17207602 21145
0.0 17207602 21131
0.0 17207602 21127
0.0 17207602 21125
0.0 17207602 21118
0.0 17207602 21109
0.0 17207602 21066
0.0 17207602 21058
0.0 17207602 21050
0.0 17207602 21040
0.0 17207602 21035
0.0 17207602 21019
0.0 17207602 21010
0.0 17207602 21007
0.0 17207602 21006
0.0 17207602 20990
0.0 17207602 20983
0.0 17207602 20971
0.0 17207602 20968
0.0 17207602 20967
0.0 17207602 20957
0.0 17207602 20943
0.0 17207602 20932
0.0 17207602 20930
0.0 17207602 20929
0.0 17207602 20927
0.0 17207602 20922
0.0 17207602 20919
0.0 17207602 20900
0.0 17207602 20892
0.0 17207602 20871
0.0 17207602 20852
0.0 17207602 20839
0.0 17207602 20833
0.0 17207602 20824
0.0 17207602 20810
0.0 17207602 20807
0.0 17207602 20806
0.0 17207602 20801
0.0 17207602 20790
0.0 17207602 20784
0.0 17207602 20782
0.0 17207602 20780
0.0 17207602 20770
0.0 17207602 20759
0.0 17207602 20751
0.0 17207602 20736
0.0 17207602 20734
0.0 17207602 20680
0.0 17207602 20664
0.0 17207602 20654
0.0 17207602 20651
0.0 17207602 20639
0.0 17207602 20624
0.0 17207602 20621
0.0 17207602 20620
0.0 17207602 20619
0.0 17207602 20616
0.0 17207602 20615
0.0 17207602 20588
0.0 17207602 20587
0.0 17207602 20586
0.0 17207602 20585
0.0 17207602 20564
0.0 17207602 20563
0.0 17207602 20562
0.0 17207602 20561
0.0 17207602 20558
0.0 17207602 20547
0.0 17207602 20537
0.0 17207602 20536
0.0 17207602 20530
0.0 17207602 20514
0.0 17207602 20501
0.0 17207602 20470
0.0 17207602 20460
0.0 17207602 20458
0.0 17207602 20457
0.0 17207602 20449
0.0 17207602 20442
0.0 17207602 20440
0.0 17207602 20412
0.0 17207602 20406
0.0 17207602 20401
0.0 17207602 20369
0.0 17207602 20314
0.0 17207602 20312
0.0 17207602 20284
0.0 17207602 20283
0.0 17207602 20282
0.0 17207602 20275
0.0 17207602 20273
0.0 17207602 20257
0.0 17207602 20254
0.0 17207602 20253
0.0 17207602 20252
0.0 17207602 20243
0.0 17207602 20235
0.0 17207602 20226
0.0 17207602 20213
0.0 17207602 20209
0.0 17207602 20202
0.0 17207602 20191
0.0 17207602 20174
0.0 17207602 20173
0.0 17207602 20148
0.0 17207602 20147
0.0 17207602 20127
0.0 17207602 20121
0.0 17207602 20107
0.0 17207602 20087
0.0 17207602 20087
0.0 17207602 20086
0.0 17207602 20086
0.0 17207602 20085
0.0 17207602 20076
0.0 17207602 20034
0.0 17207602 20033
0.0 17207602 20028
0.0 17207602 20020
0.0 17207602 20018
0.0 17207602 20013
0.0 17207602 20010
0.0 17207602 19998
0.0 17207602 19981
0.0 17207602 19950
0.0 17207602 19926
0.0 17207602 19920
0.0 17207602 19919
0.0 17207602 19918
0.0 17207602 19912
0.0 17207602 19905
0.0 17207602 19904
0.0 17207602 19892
0.0 17207602 19875
0.0 17207602 19874
0.0 17207602 19865
0.0 17207602 19861
0.0 17207602 19859
0.0 17207602 19844
0.0 17207602 19843
0.0 17207602 19836
0.0 17207602 19833
0.0 17207602 19820
0.0 17207602 19817
0.0 17207602 19811
0.0 17207602 19796
0.0 17207602 19784
0.0 17207602 19760
0.0 17207602 19756
0.0 17207602 19746
0.0 17207602 19738
0.0 17207602 19725
0.0 17207602 19697
0.0 17207602 19695
0.0 17207602 19694
0.0 17207602 19675
0.0 17207602 19674
0.0 17207602 19671
0.0 17207602 19668
0.0 17207602 19660
0.0 17207602 19636
0.0 17207602 19635
0.0 17207602 19632
0.0 17207602 19597
0.0 17207602 19581
0.0 17207602 19548
0.0 17207602 19516
0.0 17207602 19515
0.0 17207602 19500
0.0 17207602 19472
0.0 17207602 19450
0.0 17207602 19446
0.0 17207602 19445
0.0 17207602 19441
0.0 17207602 19439
0.0 17207602 19429
0.0 17207602 19419
0.0 17207602 19411
0.0 17207602 19404
0.0 17207602 19398
0.0 17207602 19394
0.0 17207602 19391
0.0 17207602 19361
0.0 17207602 19352
0.0 17207602 19347
0.0 17207602 19335
0.0 17207602 19332
0.0 17207602 19327
0.0 17207602 19317
0.0 17207602 19311
0.0 17207602 19300
0.0 17207602 19300
0.0 17207602 19287
0.0 17207602 19284
0.0 17207602 19278
0.0 17207602 19277
0.0 17207602 19276
0.0 17207602 19268
0.0 17207602 19251
0.0 17207602 19240
0.0 17207602 19234
0.0 17207602 19216
0.0 17207602 19213
0.0 17207602 19211
0.0 17207602 19205
0.0 17207602 19199
0.0 17207602 19182
0.0 17207602 19178
0.0 17207602 19176
0.0 17207602 19166
0.0 17207602 19164
0.0 17207602 19134
0.0 17207602 19130
0.0 17207602 19093
0.0 17207602 19058
0.0 17207602 19056
0.0 17207602 19048
0.0 17207602 19038
0.0 17207602 19033
0.0 17207602 19029
0.0 17207602 19023
0.0 17207602 19022
0.0 17207602 19007
0.0 17207602 19004
0.0 17207602 18996
0.0 17207602 18995
0.0 17207602 18976
0.0 17207602 18975
0.0 17207602 18967
0.0 17207602 18942
0.0 17207602 18941
0.0 17207602 18929
0.0 17207602 18928
0.0 17207602 18918
0.0 17207602 18913
0.0 17207602 18904
0.0 17207602 18903
0.0 17207602 18881
0.0 17207602 18875
0.0 17207602 18874
0.0 17207602 18868
0.0 17207602 18861
0.0 17207602 18856
0.0 17207602 18847
0.0 17207602 18816
0.0 17207602 18808
0.0 17207602 18803
0.0 17207602 18799
0.0 17207602 18789
0.0 17207602 18779
0.0 17207602 18777
0.0 17207602 18774
0.0 17207602 18773
0.0 17207602 18758
0.0 17207602 18719
0.0 17207602 18702
0.0 17207602 18701
0.0 17207602 18698
0.0 17207602 18684
0.0 17207602 18674
0.0 17207602 18660
0.0 17207602 18657
0.0 17207602 18654
0.0 17207602 18634
0.0 17207602 18626
0.0 17207602 18605
0.0 17207602 18591
0.0 17207602 18587
0.0 17207602 18545
0.0 17207602 18533
0.0 17207602 18531
0.0 17207602 18523
0.0 17207602 18520
0.0 17207602 18514
0.0 17207602 18511
0.0 17207602 18510
0.0 17207602 18507
0.0 17207602 18503
0.0 17207602 18502
0.0 17207602 18494
0.0 17207602 18483
0.0 17207602 18481
0.0 17207602 18480
0.0 17207602 18470
0.0 17207602 18467
0.0 17207602 18462
0.0 17207602 18458
0.0 17207602 18446
0.0 17207602 18444
0.0 17207602 18432
0.0 17207602 18417
0.0 17207602 18413
0.0 17207602 18410
0.0 17207602 18401
0.0 17207602 18398
0.0 17207602 18395
0.0 17207602 18394
0.0 17207602 18380
0.0 17207602 18376
0.0 17207602 18371
0.0 17207602 18370
0.0 17207602 18366
0.0 17207602 18365
0.0 17207602 18364
0.0 17207602 18361
0.0 17207602 18360
0.0 17207602 18357
0.0 17207602 18353
0.0 17207602 18337
0.0 17207602 18331
0.0 17207602 18326
0.0 17207602 18323
0.0 17207602 18311
0.0 17207602 18305
0.0 17207602 18296
0.0 17207602 18282
0.0 17207602 18258
0.0 17207602 18247
0.0 17207602 18241
0.0 17207602 18241
0.0 17207602 18230
0.0 17207602 18215
0.0 17207602 18204
0.0 17207602 18202
0.0 17207602 18198
0.0 17207602 18195
0.0 17207602 18190
0.0 17207602 18179
0.0 17207602 18178
0.0 17207602 18161
0.0 17207602 18151
0.0 17207602 18147
0.0 17207602 18141
0.0 17207602 18136
0.0 17207602 18127
0.0 17207602 18086
0.0 17207602 18081
0.0 17207602 18077
0.0 17207602 18071
0.0 17207602 18056
0.0 17207602 18034
0.0 17207602 18006
0.0 17207602 17997
0.0 17207602 17988
0.0 17207602 17986
0.0 17207602 17975
0.0 17207602 17974
0.0 17207602 17945
0.0 17207602 17935
0.0 17207602 17931
0.0 17207602 17925
0.0 17207602 17919
0.0 17207602 17918
0.0 17207602 17917
0.0 17207602 17912
0.0 17207602 17902
0.0 17207602 17901
0.0 17207602 17890
0.0 17207602 17873
0.0 17207602 17872
0.0 17207602 17870
0.0 17207602 17868
0.0 17207602 17865
0.0 17207602 17862
0.0 17207602 17848
0.0 17207602 17843
0.0 17207602 17833
0.0 17207602 17823
0.0 17207602 17821
0.0 17207602 17808
0.0 17207602 17795
0.0 17207602 17788
0.0 17207602 17785
0.0 17207602 17783
0.0 17207602 17756
0.0 17207602 17746
0.0 17207602 17741
0.0 17207602 17726
0.0 17207602 17714
0.0 17207602 17706
0.0 17207602 17698
0.0 17207602 17692
0.0 17207602 17686
0.0 17207602 17678
0.0 17207602 17668
0.0 17207602 17653
0.0 17207602 17646
0.0 17207602 17630
0.0 17207602 17626
0.0 17207602 17622
0.0 17207602 17595
0.0 17207602 17592
0.0 17207602 17589
0.0 17207602 17542
0.0 17207602 17515
0.0 17207602 17497
0.0 17207602 17491
0.0 17207602 17459
0.0 17207602 17439
0.0 17207602 17434
0.0 17207602 17425
0.0 17207602 17421
0.0 17207602 17418
0.0 17207602 17415
0.0 17207602 17413
0.0 17207602 17404
0.0 17207602 17401
0.0 17207602 17399
0.0 17207602 17398
0.0 17207602 17396
0.0 17207602 17395
0.0 17207602 17376
0.0 17207602 17365
0.0 17207602 17357
0.0 17207602 17329
0.0 17207602 17327
0.0 17207602 17322
0.0 17207602 17318
0.0 17207602 17317
0.0 17207602 17311
0.0 17207602 17310
0.0 17207602 17308
0.0 17207602 17305
0.0 17207602 17302
0.0 17207602 17299
0.0 17207602 17297
0.0 17207602 17295
0.0 17207602 17294
0.0 17207602 17293
0.0 17207602 17287
0.0 17207602 17254
0.0 17207602 17250
0.0 17207602 17240
0.0 17207602 17238
0.0 17207602 17236
0.0 17207602 17234
0.0 17207602 17226
0.0 17207602 17225
0.0 17207602 17215
0.0 17207602 17211
0.0 17207602 17209
0.0 17207602 17205
0.0 17207602 17204
0.0 17207602 17190
0.0 17207602 17186
0.0 17207602 17183
0.0 17207602 17176
0.0 17207602 17175
0.0 17207602 17171
0.0 17207602 17169
0.0 17207602 17168
0.0 17207602 17165
0.0 17207602 17164
0.0 17207602 17158
0.0 17207602 17155
0.0 17207602 17154
0.0 17207602 17135
0.0 17207602 17133
0.0 17207602 17128
0.0 17207602 17124
0.0 17207602 17113
0.0 17207602 17112
0.0 17207602 17110
0.0 17207602 17106
0.0 17207602 17100
0.0 17207602 17082
0.0 17207602 17074
0.0 17207602 17073
0.0 17207602 17066
0.0 17207602 17041
0.0 17207602 17025
0.0 17207602 16983
0.0 17207602 16957
0.0 17207602 16955
0.0 17207602 16951
0.0 17207602 16944
0.0 17207602 16924
0.0 17207602 16917
0.0 17207602 16911
0.0 17207602 16900
0.0 17207602 16892
0.0 17207602 16887
0.0 17207602 16875
0.0 17207602 16866
0.0 17207602 16860
0.0 17207602 16842
0.0 17207602 16836
0.0 17207602 16833
0.0 17207602 16822
0.0 17207602 16821
0.0 17207602 16818
0.0 17207602 16804
0.0 17207602 16789
0.0 17207602 16774
0.0 17207602 16770
0.0 17207602 16756
0.0 17207602 16751
0.0 17207602 16747
0.0 17207602 16744
0.0 17207602 16734
0.0 17207602 16722
0.0 17207602 16714
0.0 17207602 16709
0.0 17207602 16705
0.0 17207602 16693
0.0 17207602 16688
0.0 17207602 16686
0.0 17207602 16648
0.0 17207602 16645
0.0 17207602 16608
0.0 17207602 16603
0.0 17207602 16600
0.0 17207602 16592
0.0 17207602 16591
0.0 17207602 16586
0.0 17207602 16578
0.0 17207602 16569
0.0 17207602 16568
0.0 17207602 16563
0.0 17207602 16561
0.0 17207602 16558
0.0 17207602 16532
0.0 17207602 16531
0.0 17207602 16524
0.0 17207602 16521
0.0 17207602 16518
0.0 17207602 16515
0.0 17207602 16513
0.0 17207602 16508
0.0 17207602 16497
0.0 17207602 16483
0.0 17207602 16481
0.0 17207602 16466
0.0 17207602 16443
0.0 17207602 16433
0.0 17207602 16425
0.0 17207602 16418
0.0 17207602 16409
0.0 17207602 16395
0.0 17207602 16375
0.0 17207602 16362
0.0 17207602 16344
0.0 17207602 16318
0.0 17207602 16289
0.0 17207602 16275
0.0 17207602 16268
0.0 17207602 16251
0.0 17207602 16228
0.0 17207602 16227
0.0 17207602 16225
0.0 17207602 16216
0.0 17207602 16210
0.0 17207602 16209
0.0 17207602 16208
0.0 17207602 16201
0.0 17207602 16175
0.0 17207602 16137
0.0 17207602 16130
0.0 17207602 16122
0.0 17207602 16119
0.0 17207602 16078
0.0 17207602 16076
0.0 17207602 16069
0.0 17207602 16068
0.0 17207602 16029
0.0 17207602 16021
0.0 17207602 16019
0.0 17207602 16002
0.0 17207602 15985
0.0 17207602 15942
0.0 17207602 15938
0.0 17207602 15935
0.0 17207602 15934
0.0 17207602 15924
0.0 17207602 15908
0.0 17207602 15903
0.0 17207602 15892
0.0 17207602 15886
0.0 17207602 15874
0.0 17207602 15870
0.0 17207602 15828
0.0 17207602 15812
0.0 17207602 15803
0.0 17207602 15764
0.0 17207602 15697
0.0 17207602 15518
0.0 17207602 15461
0.0 17207602 15458
0.0 17207602 15437
0.0 17207602 15432
0.0 17207602 15308
0.0 17207602 15283
0.0 17207602 15163
0.0 17207602 15158
0.0 17207602 14971
0.0 17207602 14970
0.0 17207602 14929
0.0 17207602 14900
0.0 17207602 14889
0.0 17207602 14819
0.0 17207602 14749
0.0 17207602 14636
0.0 17207602 14586
0.0 17207602 14584
0.0 17207602 14471
0.0 17207602 14388
0.0 17207602 14357
0.0 17207602 14340
0.0 17207602 14308
0.0 17207602 14214
0.0 17207602 14187
0.0 17207602 14181
0.0 17207602 13960
0.0 17207602 13926
0.0 17207602 13640
0.0 17207602 13207
0.0 17207602 13143
0.0 17207602 13054
0.0 17207602 12850
0.0 17207602 12507
0.0 17207602 12321
0.0 17207602 12128
0.0 17207602 11651
0.0 17207602 11473
0.0 17207602 10816
0.0 17207602 10760
0.0 17207602 10751
0.0 17207602 10693
0.0 17207602 10541
0.0 17207602 10509
0.0 17207602 10483
0.0 17207602 9384

0.5007203 ae139648 16318
0.19377139 ae139648 16441
0.18061829 ae139648 18628
0.18061829 ae139648 18627
0.16425943 ae139648 19390
0.14578861 ae139648 20892
0.14478055 ae139648 18446
0.106322676 ae139648 22210
0.10226248 ae139648 20488
0.094149426 ae139648 18922
0.09406777 ae139648 21530
0.09378982 ae139648 22088
0.08957163 ae139648 18213
0.0895024 ae139648 21186
0.08810068 ae139648 12507
0.08727817 ae139648 13207
0.08520588 ae139648 20830
0.084056176 ae139648 19407
0.083792254 ae139648 19863
0.07694965 ae139648 17606
0.07637111 ae139648 21189
0.0763573 ae139648 19866
0.07634426 ae139648 22036
0.07417055 ae139648 12457
0.07253248 ae139648 19299
0.071534894 ae139648 16838
0.07037059 ae139648 19668
0.07001771 ae139648 21764
0.0699438 ae139648 21007
0.06942653 ae139648 21583
0.0687754 ae139648 17370
0.067866765 ae139648 18805
0.06525165 ae139648 16355
0.065150596 ae139648 19998
0.06447916 ae139648 17821
0.064300604 ae139648 18142
0.06381602 ae139648 16485
0.06365931 ae139648 20792
0.0627905 ae139648 20536
0.0627905 ae139648 20273
0.0627606 ae139648 17145
0.062505305 ae139648 16473
0.062334 ae139648 19352
0.062116057 ae139648 19361
0.06139482 ae139648 17967
0.061068352 ae139648 19890
0.061025713 ae139648 17946
0.06085839 ae139648 18929
0.060048547 ae139648 20151
0.05893865 ae139648 20147
0.05862361 ae139648 18425
0.058579773 ae139648 20556
0.058543038 ae139648 17865
0.05781936 ae139648 20514
0.05738509 ae139648 17698
0.055963065 ae139648 17726
0.05590765 ae139648 20586
0.055741563 ae139648 18533
0.054426417 ae139648 18056
0.05414879 ae139648 20587
0.054074064 ae139648 20588
0.05368585 ae139648 16860
0.053198654 ae139648 17331
0.05301752 ae139648 17186
0.052626334 ae139648 19874
0.05260011 ae139648 22384
0.052260756 ae139648 20501
0.052095156 ae139648 20067
0.05196752 ae139648 22115
0.05129457 ae139648 21579
0.05103572 ae139648 18651
0.050959572 ae139648 18731
0.050959572 ae139648 18730
0.050559904 ae139648 21821
0.050073985 ae139648 20146
0.049983326 ae139648 21878
0.04919369 ae139648 14009
0.048786357 ae139648 18990
0.04853461 ae139648 20046
0.04845978 ae139648 16526
0.04810001 ae139648 17303
0.047793597 ae139648 14357
0.04771832 ae139648 15214
0.047549333 ae139648 17066
0.047497127 ae139648 17988
0.047362287 ae139648 21884
0.04706098 ae139648 21725
0.04667683 ae139648 17782
0.046636194 ae139648 21455
0.046034656 ae139648 17805
0.045864478 ae139648 13288
0.044767857 ae139648 20519
0.04379893 ae139648 17765
0.043585733 ae139648 21661
0.04313179 ae139648 16251
0.042371698 ae139648 17460
0.04210281 ae139648 17542
0.042013206 ae139648 21155
0.04164222 ae139648 16050
0.04120333 ae139648 17479
0.041173622 ae139648 15697
0.040513575 ae139648 18995
0.040100724 ae139648 17133
0.039898306 ae139648 14678
0.039177936 ae139648 18093
0.039110623 ae139648 21188
0.03870748 ae139648 21897
0.038289033 ae139648 18832
0.03823588 ae139648 20405
0.038234897 ae139648 15836
0.03809422 ae139648 22436
0.03809422 ae139648 22333
0.03809422 ae139648 22272
0.03809422 ae139648 22090
0.03809422 ae139648 21917
0.03809422 ae139648 21895
0.03809422 ae139648 21877
0.03809422 ae139648 21814
0.03809422 ae139648 21677
0.03809422 ae139648 21307
0.03809422 ae139648 21127
0.03809422 ae139648 20922
0.03809422 ae139648 20900
0.03809422 ae139648 20852
0.03809422 ae139648 20810
0.03809422 ae139648 20680
0.03809422 ae139648 20664
0.03809422 ae139648 20457
0.03809422 ae139648 19865
0.03809422 ae139648 19833
0.03809422 ae139648 19817
0.03809422 ae139648 19695
0.03809422 ae139648 19674
0.03809422 ae139648 19597
0.03809422 ae139648 19411
0.03809422 ae139648 19335
0.03809422 ae139648 19332
0.03809422 ae139648 19268
0.03809422 ae139648 19213
0.03809422 ae139648 19164
0.03809422 ae139648 18903
0.03809422 ae139648 18777
0.03809422 ae139648 18698
0.03809422 ae139648 18660
0.03809422 ae139648 18634
0.03809422 ae139648 18432
0.03809422 ae139648 18141
0.03809422 ae139648 18034
0.03809422 ae139648 17912
0.03809422 ae139648 17872
0.03809422 ae139648 17870
0.03809422 ae139648 17589
0.03809422 ae139648 17399
0.03809422 ae139648 17329
0.03809422 ae139648 17250
0.03809422 ae139648 16866
0.03809422 ae139648 16818
0.03809422 ae139648 16804
0.03809422 ae139648 16774
0.03809422 ae139648 16586
0.03809422 ae139648 16578
0.03809422 ae139648 16569
0.03809422 ae139648 16558
0.03809422 ae139648 16433
0.03809422 ae139648 16275
0.03809422 ae139648 16268
0.03809422 ae139648 16227
0.03809422 ae139648 16201
0.03809422 ae139648 16130
0.03809422 ae139648 16019
0.03809422 ae139648 15985
0.03809422 ae139648 15903
0.03809422 ae139648 15437
0.03809422 ae139648 15158
0.03809422 ae139648 14636
0.03809422 ae139648 10751
0.037323836 ae139648 15879
0.036270924 ae139648 20983
0.035883985 ae139648 17421
0.035549726 ae139648 17425
0.03537406 ae139648 18153
0.035064775 ae139648 16892
0.034972634 ae139648 16801
0.034497146 ae139648 21933
0.034436937 ae139648 17842
0.034420796 ae139648 19961
0.034392945 ae139648 19548
0.033849455 ae139648 19205
0.03357911 ae139648 22386
0.03356845 ae139648 19743
0.03356845 ae139648 19743
0.03339373 ae139648 20035
0.033260398 ae139648 21454
0.033110727 ae139648 20180
0.032847177 ae139648 11257
0.03264857 ae139648 12871
0.03241325 ae139648 13755
0.032003228 ae139648 22006
0.031885535 ae139648 18195
0.031816848 ae139648 15971
0.031625256 ae139648 19656
0.031419437 ae139648 20160
0.03140188 ae139648 19367
0.031325657 ae139648 22268
0.03124185 ae139648 20932
0.031075748 ae139648 20316
0.030792123 ae139648 15892
0.030767724 ae139648 19960
0.03076683 ae139648 17412
0.030321805 ae139648 18417
0.030278973 ae139648 22254
0.030177101 ae139648 17710
0.030088915 ae139648 19935
0.029952232 ae139648 20848
0.029937135 ae139648 17622
0.029909229 ae139648 16532
0.02988142 ae139648 18483
0.029686034 ae139648 21272
0.029508311 ae139648 17973
0.029436111 ae139648 12305
0.029405657 ae139648 20458
0.029405072 ae139648 16705
0.028997723 ae139648 14503
0.028402016 ae139648 18928
0.028248884 ae139648 16417
0.02790995 ae139648 21549
0.027876072 ae139648 19199
0.027791936 ae139648 22007
0.027761264 ae139648 21765
0.027664002 ae139648 21676
0.027510427 ae139648 17514
0.027424803 ae139648 21147
0.02735618 ae139648 18069
0.02735618 ae139648 18069
0.027256794 ae139648 16634
0.02710678 ae139648 16120
0.02676058 ae139648 18674
0.026606321 ae139648 21780
0.02635926 ae139648 16292
0.026320726 ae139648 22258
0.026200313 ae139648 21954
0.02612134 ae139648 22074
0.02593138 ae139648 18143
0.02592726 ae139648 18697
0.025847912 ae139648 16658
0.025666103 ae139648 13756
0.025106393 ae139648 20460
0.025099875 ae139648 15913
0.024870636 ae139648 14699
0.024849012 ae139648 20190
0.024584979 ae139648 20979
0.024537573 ae139648 17668
0.024362136 ae139648 18622
0.024324637 ae139648 19940
0.024295755 ae139648 18876
0.02427675 ae139648 22060
0.024089234 ae139648 19499
0.023957552 ae139648 19300
0.023957552 ae139648 19300
0.02386862 ae139648 20516
0.023853935 ae139648 16711
0.023817273 ae139648 18852
0.023733515 ae139648 19799
0.023674453 ae139648 19483
0.023599707 ae139648 20441
0.023578426 ae139648 21843
0.023508625 ae139648 16061
0.0234881 ae139648 16471
0.023350246 ae139648 16253
0.023240011 ae139648 20737
0.023202755 ae139648 19276
0.023170931 ae139648 22055
0.023120783 ae139648 20990
0.02311795 ae139648 12128
0.023056654 ae139648 16021
0.02264521 ae139648 22015
0.022423953 ae139648 22411
0.022327244 ae139648 17760
0.022266287 ae139648 21753
0.022083437 ae139648 19519
0.02190517 ae139648 18177
0.021828307 ae139648 18836
0.021813823 ae139648 21218
0.02178718 ae139648 19736
0.021493236 ae139648 17345
0.021489216 ae139648 22163
0.021296825 ae139648 21255
0.021257607 ae139648 21519
0.0212163 ae139648 19751
0.021183206 ae139648 17507
0.021129647 ae139648 10483
0.0210667 ae139648 19400
0.020951051 ae139648 15796
0.02087646 ae139648 16925
0.020836772 ae139648 18793
0.020823166 ae139648 14356
0.02073022 ae139648 17581
0.020719111 ae139648 16279
0.020686975 ae139648 22038
0.02051878 ae139648 22039
0.020461796 ae139648 17623
0.020408992 ae139648 20429
0.020306401 ae139648 18451
0.020283015 ae139648 19910
0.020243295 ae139648 16512
0.020197874 ae139648 19249
0.02016617 ae139648 22240
0.020134214 ae139648 20222
0.019936025 ae139648 15499
0.019702137 ae139648 18275
0.019583195 ae139648 14647
0.019534465 ae139648 18320
0.019427055 ae139648 21117
0.019179711 ae139648 18673
0.019109275 ae139648 17489
0.019096825 ae139648 18115
0.019096281 ae139648 21576
0.019019159 ae139648 19774
0.018953169 ae139648 22011
0.018861849 ae139648 20632
0.018792829 ae139648 19918
0.018765207 ae139648 22434
0.01876516 ae139648 20409
0.01871886 ae139648 16210
0.018637879 ae139648 22182
0.018544314 ae139648 18520
0.018502235 ae139648 21945
0.018461164 ae139648 19301
0.018446598 ae139648 22284
0.018265555 ae139648 10441
0.018253895 ae139648 19920
0.018125886 ae139648 20175
0.01809583 ae139648 19697
0.018081944 ae139648 17124
0.01803551 ae139648 19222
0.017935516 ae139648 18905
0.017915241 ae139648 17547
0.017903844 ae139648 16016
0.017898347 ae139648 19386
0.017828776 ae139648 20786
0.017820138 ae139648 17248
0.017804831 ae139648 20780
0.017717864 ae139648 17249
0.017663702 ae139648 18609
0.017646214 ae139648 19919
0.017575677 ae139648 18057
0.017521244 ae139648 19203
0.017428875 ae139648 17429
0.017425328 ae139648 19134
0.017413389 ae139648 21177
0.017341278 ae139648 17892
0.017267391 ae139648 11489
0.017052414 ae139648 19314
0.017049689 ae139648 21440
0.017028552 ae139648 16391
0.01702554 ae139648 14026
0.016869552 ae139648 16944
0.016863167 ae139648 18541
0.016845513 ae139648 22082
0.016818272 ae139648 21706
0.016784484 ae139648 22397
0.01677381 ae139648 17034
0.016606202 ae139648 22102
0.016597394 ae139648 21726
0.016585957 ae139648 20196
0.016550334 ae139648 21562
0.01650573 ae139648 17935
0.016439328 ae139648 16980
0.016407011 ae139648 19654
0.016406775 ae139648 21858
0.016396772 ae139648 19009
0.016314277 ae139648 18077
0.016309725 ae139648 20762
0.016233828 ae139648 16308
0.016201984 ae139648 12266
0.016173536 ae139648 21578
0.016161198 ae139648 19391
0.016155 ae139648 19370
0.016155 ae139648 18614
0.016155 ae139648 17920
0.016155 ae139648 16199
0.016074771 ae139648 18591
0.01607264 ae139648 16336
0.01606504 ae139648 19912
0.01603469 ae139648 20208
0.015954526 ae139648 18939
0.015834061 ae139648 14713
0.01582579 ae139648 17592
0.015774097 ae139648 21040
0.015726602 ae139648 21978
0.015726602 ae139648 20994
0.015726602 ae139648 20306
0.015726602 ae139648 19954
0.015726602 ae139648 19839
0.015726602 ae139648 19255
0.015726602 ae139648 19081
0.015726602 ae139648 18666
0.015726602 ae139648 18284
0.015726602 ae139648 18129
0.015726602 ae139648 17980
0.015726602 ae139648 17899
0.015726602 ae139648 17650
0.015726602 ae139648 16217
0.015726602 ae139648 15159
0.015698593 ae139648 17787
0.015680892 ae139648 21013
0.015621424 ae139648 15999
0.015582601 ae139648 17890
0.0154049955 ae139648 19090
0.0153399585 ae139648 21953
0.015253628 ae139648 19440
0.015253628 ae139648 18347
0.015227918 ae139648 20412
0.01515778 ae139648 20651
0.015103354 ae139648 15109
0.015091842 ae139648 16033
0.015005931 ae139648 19427
0.015000218 ae139648 16659
0.014975923 ae139648 17919
0.014879925 ae139648 19686
0.014855466 ae139648 16887
0.01478584 ae139648 15764
0.014750148 ae139648 17022
0.014670518 ae139648 20440
0.014582165 ae139648 16442
0.014508316 ae139648 20447
0.0144805405 ae139648 20245
0.01445203 ae139648 19937
0.0143636605 ae139648 12110
0.014339017 ae139648 19433
0.014325869 ae139648 22237
0.014305668 ae139648 17279
0.014299391 ae139648 22368
0.014288409 ae139648 21452
0.014288409 ae139648 21451
0.014257289 ae139648 17673
0.01423558 ae139648 20005
0.01423558 ae139648 19930
0.01423558 ae139648 19359
0.01423558 ae139648 18367
0.01423558 ae139648 18109
0.01423558 ae139648 18041
0.014200393 ae139648 16964
0.01416637 ae139648 20055
0.014158034 ae139648 17823
0.013918232 ae139648 18293
0.013907577 ae139648 11210
0.013903797 ae139648 16291
0.013884494 ae139648 15848
0.013855128 ae139648 22077
0.013855128 ae139648 21107
0.013855128 ae139648 20880
0.013855128 ae139648 19678
0.013855128 ae139648 19464
0.013855128 ae139648 18671
0.013855128 ae139648 18641
0.013855128 ae139648 18429
0.013855128 ae139648 18424
0.013855128 ae139648 18400
0.013855128 ae139648 18399
0.013855128 ae139648 18397
0.013855128 ae139648 18381
0.013855128 ae139648 18369
0.013855128 ae139648 18096
0.013855128 ae139648 17850
0.013855128 ae139648 17845
0.013855128 ae139648 17280
0.013855128 ae139648 17202
0.013855128 ae139648 16963
0.013855128 ae139648 16768
0.013855128 ae139648 16680
0.013855128 ae139648 16385
0.013855128 ae139648 16384
0.013855128 ae139648 16382
0.013855128 ae139648 16381
0.013826681 ae139648 19815
0.013762184 ae139648 21261
0.013734104 ae139648 20638
0.013701053 ae139648 20832
0.013670448 ae139648 20829
0.013670448 ae139648 20797
0.013616187 ae139648 18154
0.013616187 ae139648 16636
0.013616176 ae139648 18079
0.013564924 ae139648 20137
0.013553879 ae139648 14765
0.013505195 ae139648 20107
0.013502308 ae139648 22214
0.013489482 ae139648 17215
0.013481516 ae139648 19021
0.013481516 ae139648 18251
0.013475964 ae139648 14844
0.013441542 ae139648 20736
0.013390744 ae139648 16469
0.013386987 ae139648 20098
0.013380024 ae139648 17443
0.01332926 ae139648 17222
0.013300567 ae139648 22019
0.01329343 ae139648 18019
0.01326661 ae139648 19320
0.013234448 ae139648 18206
0.013192181 ae139648 16051
0.013179067 ae139648 16587
0.013124073 ae139648 15108
0.013120782 ae139648 17788
0.013116726 ae139648 20839
0.013078615 ae139648 18074
0.013062239 ae139648 15608
0.01304782 ae139648 19406
0.013030675 ae139648 17389
0.013030675 ae139648 16403
0.013006708 ae139648 18180
0.012943398 ae139648 17632
0.012884985 ae139648 19602
0.012879345 ae139648 20949
0.012808515 ae139648 12850
0.012802321 ae139648 17504
0.012675242 ae139648 17828
0.012673489 ae139648 15910
0.01263757 ae139648 17320
0.012632071 ae139648 19392
0.0126259215 ae139648 21690
0.012614916 ae139648 17825
0.012544786 ae139648 20163
0.012542202 ae139648 17621
0.01251536 ae139648 19393
0.012510354 ae139648 20001
0.012477469 ae139648 18918
0.012400151 ae139648 18086
0.012356846 ae139648 18260
0.012319926 ae139648 20543
0.012293413 ae139648 18997
0.012270927 ae139648 14856
0.012202182 ae139648 19781
0.0121650295 ae139648 18531
0.01216186 ae139648 19117
0.012030903 ae139648 19622
0.011903132 ae139648 19505
0.0119031 ae139648 16074
0.011832829 ae139648 21173
0.011804099 ae139648 15911
0.011791537 ae139648 18737
0.011765566 ae139648 19517
0.011734199 ae139648 19779
0.011654383 ae139648 16145
0.0116251325 ae139648 17607
0.011598434 ae139648 15340
0.011592221 ae139648 18050
0.011592221 ae139648 18033
0.011575786 ae139648 18283
0.011549452 ae139648 21517
0.011523508 ae139648 17112
0.011498032 ae139648 16931
0.01149705 ae139648 19241
0.011465492 ae139648 20869
0.011465392 ae139648 17015
0.011445116 ae139648 18615
0.011440109 ae139648 21459
0.011309771 ae139648 19688
0.011262273 ae139648 18920
0.011221781 ae139648 20123
0.011215385 ae139648 16561
0.011193925 ae139648 17317
0.011098128 ae139648 17471
0.011093448 ae139648 19274
0.01095943 ae139648 17599
0.010956494 ae139648 18865
0.010953598 ae139648 18842
0.010953598 ae139648 18841
0.010918119 ae139648 17546
0.010904165 ae139648 17898
0.01090208 ae139648 18080
0.010890587 ae139648 18924
0.010819372 ae139648 20206
0.010791254 ae139648 16316
0.010721436 ae139648 18081
0.010678189 ae139648 16904
0.01067084 ae139648 17541
0.010651836 ae139648 19624
0.010644342 ae139648 20076
0.0106351245 ae139648 14630
0.010613023 ae139648 21311
0.010604428 ae139648 16775
0.01059266 ae139648 19959
0.010578627 ae139648 16258
0.0105493665 ae139648 18861
0.010509736 ae139648 18967
0.010492232 ae139648 16029
0.010483191 ae139648 17628
0.01047181 ae139648 18416
0.010442045 ae139648 20244
0.010407826 ae139648 18062
0.010363249 ae139648 18453
0.010352965 ae139648 19651
0.0103308065 ae139648 16913
0.010222952 ae139648 16495
0.010200393 ae139648 18702
0.010175726 ae139648 20557
0.010175435 ae139648 22079
0.010137267 ae139648 19965
0.010137267 ae139648 19965
0.010101083 ae139648 18499
0.010076491 ae139648 22027
0.010076491 ae139648 22026
0.010029186 ae139648 20298
0.009980986 ae139648 18188
0.009937311 ae139648 19883
0.009922682 ae139648 22334
0.009921524 ae139648 20052
0.0098980395 ae139648 21982
0.009840601 ae139648 18647
0.00983944 ae139648 15505
0.009830293 ae139648 19480
0.009784261 ae139648 18722
0.009774621 ae139648 18646
0.00976521 ae139648 20827
0.009748694 ae139648 15575
0.009747357 ae139648 22111
0.0097339805 ae139648 16315
0.009638991 ae139648 21411
0.00962791 ae139648 16444
0.009580059 ae139648 18701
0.009576341 ae139648 16618
0.00956152 ae139648 18670
0.009536499 ae139648 16725
0.009525433 ae139648 16983
0.009502148 ae139648 18717
0.0094848145 ae139648 16423
0.009474684 ae139648 21401
0.009453147 ae139648 19153
0.0094466545 ae139648 19929
0.009413047 ae139648 16503
0.009408304 ae139648 18873
0.009403721 ae139648 21236
0.009392452 ae139648 17857
0.009322083 ae139648 21697
0.009302867 ae139648 22127
0.009271791 ae139648 21501
0.009231343 ae139648 19322
0.0092146 ae139648 16820
0.009165717 ae139648 19841
0.0090958895 ae139648 16383
0.009088852 ae139648 18847
0.009056344 ae139648 19327
0.00903208 ae139648 18892
0.009017461 ae139648 21957
0.008967651 ae139648 19251
0.008955653 ae139648 15520
0.008938765 ae139648 18573
0.008938765 ae139648 18555
0.008938145 ae139648 17082
0.008934894 ae139648 15871
0.008866468 ae139648 18552
0.008843028 ae139648 18699
0.008764422 ae139648 19990
0.008763622 ae139648 18624
0.008763622 ae139648 18595
0.008763622 ae139648 18593
0.008763622 ae139648 18592
0.008762425 ae139648 18368
0.0087503325 ae139648 17019
0.008738402 ae139648 18496
0.008688542 ae139648 19923
0.008684948 ae139648 17417
0.0086342795 ae139648 19481
0.008603343 ae139648 21300
0.008601331 ae139648 17954
0.008569713 ae139648 20628
0.008479163 ae139648 14650
0.008466568 ae139648 17739
0.008438965 ae139648 20637
0.0084336195 ae139648 18252
0.008431524 ae139648 15790
0.008431416 ae139648 22061
0.0084268125 ae139648 17651
0.008414374 ae139648 19735
0.00839235 ae139648 20662
0.008386913 ae139648 19317
0.008369148 ae139648 19181
0.008356352 ae139648 16793
0.008349861 ae139648 16703
0.008264687 ae139648 19292
0.008253116 ae139648 19233
0.008237717 ae139648 19872
0.008231368 ae139648 12330
0.008175847 ae139648 18638
0.008166554 ae139648 16593
0.008166554 ae139648 15279
0.008166554 ae139648 13982
0.008139903 ae139648 17150
0.008126044 ae139648 17642
0.008115047 ae139648 15417
0.008090494 ae139648 11464
0.008088009 ae139648 17718
0.008075625 ae139648 17026
0.008030134 ae139648 16502
0.007975306 ae139648 17056
0.007974613 ae139648 17368
0.007909932 ae139648 21219
0.007886542 ae139648 19044
0.007840655 ae139648 16461
0.007833904 ae139648 21404
0.007832127 ae139648 18323
0.0077934987 ae139648 19516
0.00779081 ae139648 17754
0.0077635967 ae139648 19762
0.007755359 ae139648 18469
0.007744896 ae139648 22185
0.007721463 ae139648 18373
0.0077213007 ae139648 17674
0.0077093123 ae139648 17601
0.0076905047 ae139648 22032
0.00769022 ae139648 17730
0.007673163 ae139648 19470
0.0076620784 ae139648 22008
0.0076539763 ae139648 15487
0.0076539763 ae139648 15485
0.0076218387 ae139648 18575
0.0075878655 ae139648 21798
0.0075861346 ae139648 17646
0.007567276 ae139648 16915
0.007556612 ae139648 20204
0.007545517 ae139648 20139
0.0075353733 ae139648 18250
0.007451047 ae139648 14432
0.007449185 ae139648 13799
0.007421709 ae139648 20127
0.007418836 ae139648 18891
0.0074165827 ae139648 19158
0.007414928 ae139648 19501
0.007374211 ae139648 19983
0.0073711937 ae139648 17690
0.0073563755 ae139648 16767
0.0073415684 ae139648 13960
0.007326209 ae139648 16367
0.0073043252 ae139648 15529
0.007271635 ae139648 13926
0.0072593642 ae139648 19342
0.0072152843 ae139648 21681
0.0072051324 ae139648 17738
0.0072016176 ae139648 16420
0.007169403 ae139648 19269
0.00709984 ae139648 8835
0.00706205 ae139648 20554
0.0070299488 ae139648 18709
0.0070205065 ae139648 17707
0.0069971383 ae139648 18524
0.006988823 ae139648 19511
0.0069882628 ae139648 21509
0.006985362 ae139648 18376
0.006982815 ae139648 17643
0.0069710235 ae139648 17565
0.006938154 ae139648 18366
0.006915877 ae139648 15722
0.0069036838 ae139648 13468
0.006858617 ae139648 17571
0.0068332623 ae139648 19850
0.00680217 ae139648 19851
0.006801803 ae139648 18371
0.006765451 ae139648 22154
0.0067458153 ae139648 17705
0.0067242794 ae139648 21915
0.0066802627 ae139648 17231
0.006675897 ae139648 22150
0.00667176 ae139648 20530
0.0066171912 ae139648 19310
0.006563628 ae139648 20437
0.0065574055 ae139648 17200
0.0065447176 ae139648 17598
0.0065447176 ae139648 17575
0.0065085758 ae139648 19277
0.0064340765 ae139648 15511
0.0064247646 ae139648 21839
0.0063978895 ae139648 21216
0.0063962536 ae139648 13359
0.0063680913 ae139648 19394
0.00636166 ae139648 18791
0.006351811 ae139648 17838
0.0062445705 ae139648 16624
0.00619798 ae139648 19603
0.0060926788 ae139648 17492
0.006053933 ae139648 18879
0.006039841 ae139648 17756
0.0060251895 ae139648 16951
0.0059814285 ae139648 10376
0.0059736287 ae139648 17729
0.0059555816 ae139648 21512
0.005921437 ae139648 20581
0.005893316 ae139648 20068
0.0058833985 ae139648 18747
0.0058557335 ae139648 17676
0.0057321615 ae139648 14749
0.005681331 ae139648 16309
0.0056602387 ae139648 19308
0.0056296545 ae139648 17219
0.005474784 ae139648 21603
0.0054465146 ae139648 16192
0.005440712 ae139648 20799
0.0054318816 ae139648 21675
0.005340308 ae139648 15870
0.0052954233 ae139648 21908
0.005271163 ae139648 20454
0.0052158274 ae139648 20893
0.005206252 ae139648 20295
0.0051517924 ae139648 15854
0.005132893 ae139648 20250
0.005104724 ae139648 20251
0.005094414 ae139648 18739
0.0050605033 ae139648 17582
0.005043397 ae139648 22361
0.005005935 ae139648 20226
0.005004552 ae139648 17763
0.0050037624 ae139648 18554
0.0050037624 ae139648 17764
0.0050037624 ae139648 17263
0.0049942452 ae139648 20157
0.0049889693 ae139648 20093
0.0048979316 ae139648 18862
0.0048976648 ae139648 20385
0.00488972 ae139648 21683
0.00488807 ae139648 20194
0.00487676 ae139648 10377
0.0047936677 ae139648 10378
0.0047808895 ae139648 20387
0.0047760042 ae139648 20195
0.0047704335 ae139648 20186
0.0046833777 ae139648 19700
0.004679157 ae139648 15521
0.004648895 ae139648 21988
0.004648895 ae139648 20425
0.004648895 ae139648 18011
0.004648895 ae139648 17562
0.004648895 ae139648 16969
0.004648895 ae139648 16240
0.004648895 ae139648 16212
0.0045911414 ae139648 14214
0.0045840517 ae139648 17027
0.0045742807 ae139648 17515
0.0045067878 ae139648 22138
0.0045067878 ae139648 21913
0.004465317 ae139648 19652
0.004465317 ae139648 17812
0.0043969844 ae139648 20708
0.0043969844 ae139648 19606
0.0043969844 ae139648 19453
0.0043969844 ae139648 18362
0.0043969844 ae139648 18269
0.0043969844 ae139648 18052
0.0043969844 ae139648 17591
0.0043969844 ae139648 17498
0.0043969844 ae139648 17411
0.0043969844 ae139648 17181
0.0043969844 ae139648 17065
0.0043969844 ae139648 16215
0.0043969844 ae139648 15566
0.004379386 ae139648 21964
0.004374487 ae139648 20181
0.004277296 ae139648 16393
0.0042649684 ae139648 17677
0.004239365 ae139648 19585
0.0042288057 ae139648 18360
0.004223351 ae139648 20183
0.0042190775 ae139648 17538
0.00418144 ae139648 17442
0.0041512395 ae139648 18305
0.004150342 ae139648 19282
0.004150342 ae139648 18099
0.004150342 ae139648 17981
0.0040843487 ae139648 20455
0.004058883 ae139648 19681
0.0040117344 ae139648 21524
0.004004797 ae139648 16865
0.003940031 ae139648 17553
0.003816347 ae139648 21533
0.0037312699 ae139648 18794
0.0036950845 ae139648 18444
0.0036676738 ae139648 20553
0.0036636912 ae139648 12845
0.0035575696 ae139648 17608
0.003440771 ae139648 18211
0.003440771 ae139648 17859
0.003440771 ae139648 15949
0.0033940526 ae139648 15814
0.0033846188 ae139648 18766
0.0033175214 ae139648 22323
0.0033175214 ae139648 21939
0.0033175214 ae139648 21938
0.0033175214 ae139648 18331
0.0033175214 ae139648 17975
0.0033175214 ae139648 17974
0.0033175214 ae139648 17931
0.0033175214 ae139648 17365
0.0033175214 ae139648 17302
0.0033175214 ae139648 17297
0.0033113502 ae139648 18190
0.003290634 ae139648 16813
0.0031847248 ae139648 17554
0.0031661727 ae139648 18462
0.0031461986 ae139648 18633
0.0031461986 ae139648 18632
0.003068767 ae139648 18502
0.0028925717 ae139648 22291
0.002816551 ae139648 16875
0.0027723205 ae139648 19665
0.0027723205 ae139648 19421
0.0027635838 ae139648 17074
0.002758355 ae139648 21058
0.0027465145 ae139648 19957
0.0027070316 ae139648 20615
0.0026993637 ae139648 18364
0.0026405668 ae139648 21153
0.0026402539 ae139648 21384
0.002627039 ae139648 20833
0.0026049346 ae139648 19130
0.002542096 ae139648 21178
0.0025381471 ae139648 18202
0.0025119183 ae139648 20275
0.002494233 ae139648 18858
0.0024927184 ae139648 11089
0.0024698775 ae139648 18230
0.002452068 ae139648 14929
0.002447221 ae139648 21282
0.002446847 ae139648 22443
0.0024299542 ae139648 18236
0.0024238722 ae139648 17833
0.0024044455 ae139648 20034
0.0023865204 ae139648 16568
0.0023843136 ae139648 19429
0.0023388246 ae139648 16836
0.0023312026 ae139648 17294
0.0023249919 ae139648 16770
0.0023024173 ae139648 17287
0.002294931 ae139648 16922
0.0022864672 ae139648 16747
0.0022737598 ae139648 18545
0.0022636505 ae139648 18899
0.002259302 ae139648 13640
0.0022532733 ae139648 21151
0.0022477498 ae139648 21312
0.0022372464 ae139648 10396
0.0022360587 ae139648 15827
0.0022170183 ae139648 17295
0.00219216 ae139648 17783
0.0021765998 ae139648 19547
0.0021570574 ae139648 18626
0.0021350447 ae139648 21689
0.002131495 ae139648 18357
0.002120513 ae139648 15881
0.002111032 ae139648 16216
0.0021041567 ae139648 15518
0.002101017 ae139648 17016
0.0020794526 ae139648 21606
0.0020782866 ae139648 20620
0.0020685089 ae139648 17478
0.002063214 ae139648 18161
0.0020590404 ae139648 16069
0.002013865 ae139648 16591
0.0020041831 ae139648 17936
0.001995221 ae139648 16592
0.0019689195 ae139648 17808
0.0019681095 ae139648 22318
0.0019661132 ae139648 18881
0.0019621097 ae139648 17324
0.001937858 ae139648 19398
0.0019304538 ae139648 14819
0.0019301345 ae139648 20806
0.0019074448 ae139648 17686
0.0018934305 ae139648 21125
0.0018931822 ae139648 21381
0.0018893047 ae139648 19038
0.0018764611 ae139648 16208
0.0018599813 ae139648 17311
0.0018574337 ae139648 18874
0.0018532947 ae139648 20624
0.001848034 ae139648 18296
0.0018479367 ae139648 15874
0.0018311321 ae139648 17209
0.0018254764 ae139648 18094
0.0018238792 ae139648 17236
0.0018210176 ae139648 21959
0.0018054103 ae139648 18816
0.0018049177 ae139648 15812
0.0018034034 ae139648 19182
0.0018010867 ae139648 21819
0.0017782296 ae139648 13054
0.0017728503 ae139648 17619
0.0017704573 ae139648 17481
0.0017675968 ae139648 17769
0.0017596354 ae139648 16741
0.0017561889 ae139648 20470
0.0017419306 ae139648 16640
0.0017163638 ae139648 19811
0.0017131751 ae139648 21019
0.0016948624 ae139648 18337
0.0016916059 ae139648 17106
0.0016907986 ae139648 18127
0.0016894822 ae139648 22198
0.0016792421 ae139648 20734
0.001672287 ae139648 22440
0.0016713225 ae139648 18351
0.0016671318 ae139648 22183
0.0016621106 ae139648 17080
0.0016394446 ae139648 19675
0.0016393791 ae139648 21902
0.0016368709 ae139648 10693
0.0016328834 ae139648 11944
0.001620694 ae139648 22022
0.0016173193 ae139648 21808
0.0016098558 ae139648 15402
0.0016031975 ae139648 15120
0.0016021022 ae139648 15828
0.0015904233 ae139648 17100
0.0015881018 ae139648 16068
0.0015864338 ae139648 17395
0.0015746807 ae139648 18630
0.0015736765 ae139648 18394
0.0015641839 ae139648 16686
0.0015639195 ae139648 19859
0.0015621053 ae139648 20018
0.0015294624 ae139648 17211
0.0015294624 ae139648 17183
0.0015189548 ae139648 19179
0.0014901991 ae139648 16608
0.0014286424 ae139648 21333
0.0014252679 ae139648 16822
0.0014214662 ae139648 13749
0.0014123233 ae139648 18178
0.0014121374 ae139648 22294
0.0014045042 ae139648 17945
0.001390868 ae139648 20121
0.0013815789 ae139648 22288
0.0013729742 ae139648 19311
0.0013635753 ae139648 19917
0.0013615098 ae139648 16422
0.0013582375 ae139648 18175
0.0013544556 ae139648 18942
0.0013517925 ae139648 19454
0.0013415393 ae139648 16716
0.0013212357 ae139648 17487
0.0013159516 ae139648 20654
0.0013135179 ae139648 20010
0.0013075545 ae139648 19284
0.0013069833 ae139648 12321
0.0012976978 ae139648 20033
0.0012893737 ae139648 20824
0.0012780167 ae139648 21223
0.0012677184 ae139648 18789
0.0012644586 ae139648 18481
0.0012642456 ae139648 19030
0.0012633827 ae139648 18941
0.0012618836 ae139648 17795
0.0012443739 ae139648 17240
0.0012254928 ae139648 19820
0.0012237856 ae139648 20843
0.0012225987 ae139648 21109
0.0012180229 ae139648 16821
0.0012129497 ae139648 19201
0.0011998313 ae139648 20968
0.0011971052 ae139648 14187
0.0011878365 ae139648 16076
0.0011836616 ae139648 21989
0.0011728292 ae139648 16077
0.0011656858 ae139648 17486
0.0011639665 ae139648 17459
0.0011614187 ae139648 19234
0.0011547478 ae139648 19048
0.0011546407 ae139648 17678
0.0011397569 ae139648 21921
0.0011365348 ae139648 17322
0.001135299 ae139648 19671
0.0011252506 ae139648 14542
0.0011239239 ae139648 20224
0.0011155515 ae139648 20085
0.0011129319 ae139648 20442
0.0011011519 ae139648 19136
0.0010978137 ae139648 20782
0.0010955947 ae139648 18467
0.0010811194 ae139648 15308
0.0010597535 ae139648 21515
0.0010558851 ae139648 16228
0.0010518007 ae139648 16911
0.0010489266 ae139648 20957
0.001039936 ae139648 17310
0.0010348397 ae139648 19045
0.001009758 ae139648 18100
0.0010039983 ae139648 19836
0.0010026769 ae139648 22281
0.0010018325 ae139648 20086
0.0010018325 ae139648 20086
0.000987969 ae139648 20087
0.000987969 ae139648 20087
0.0009874692 ae139648 21163
0.0009845217 ae139648 19901
0.0009824669 ae139648 19875
0.0009790551 ae139648 18725
0.0009759725 ae139648 21176
0.0009733788 ae139648 18258
0.0009657601 ae139648 17497
0.00096241385 ae139648 18241
0.00096241385 ae139648 18241
0.0009573236 ae139648 19844
0.0009565371 ae139648 18758
0.000953221 ae139648 16648
0.0009527328 ae139648 16521
0.00094750203 ae139648 22058
0.0009132647 ae139648 20731
0.0009051092 ae139648 18654
0.0008966787 ae139648 17692
0.0008962136 ae139648 15358
0.0008945554 ae139648 18136
0.00088918256 ae139648 18398
0.0008885861 ae139648 18480
0.0008860875 ae139648 20013
0.00088359864 ae139648 16425
0.00088117423 ae139648 21274
0.0008797713 ae139648 18902
0.0008759526 ae139648 21934
0.0008711233 ae139648 22350
0.00087007624 ae139648 22432
0.00086533243 ae139648 16531
0.0008643453 ae139648 12959
0.00085433986 ae139648 17025
0.000850193 ae139648 21497
0.00084803964 ae139648 14181
0.00084511074 ae139648 19004
0.0008324089 ae139648 17128
0.0008313222 ae139648 21295
0.00083123974 ae139648 17785
0.00082451757 ae139648 16477
0.0008211343 ae139648 15886
0.00079984264 ae139648 17791
0.0007996523 ae139648 14126
0.00079730345 ae139648 15057
0.00079402473 ae139648 16289
0.0007876047 ae139648 20156
0.00077068625 ae139648 20401
0.00075220177 ae139648 19285
0.000748854 ae139648 22390
0.0007483676 ae139648 21713
0.00074373273 ae139648 19211
0.00073167804 ae139648 17073
0.0007315173 ae139648 14340
0.00072348514 ae139648 13762
0.0007211617 ae139648 18282
0.0007099248 ae139648 22392
0.0007060057 ae139648 18401
0.00069922756 ae139648 17041
0.00068034366 ae139648 20639
0.00067773357 ae139648 21653
0.00067540666 ae139648 21976
0.00067497167 ae139648 22243
0.00067483 ae139648 17630
0.00066361006 ae139648 22278
0.00065661897 ae139648 18539
0.000655515 ae139648 19598
0.0006545706 ae139648 18996
0.00063308363 ae139648 18581
0.0006323772 ae139648 15939
0.000632246 ae139648 19981
0.00062981027 ae139648 16344
0.00062636065 ae139648 18151
0.00062383903 ae139648 20943
0.00062192214 ae139648 17868
0.00059858436 ae139648 19348
0.00059381244 ae139648 22301
0.0005832725 ae139648 16378
0.0005509675 ae139648 16466
0.00054228626 ae139648 19058
0.0005176829 ae139648 20449
0.0005172179 ae139648 20077
0.00049889524 ae139648 16688
0.0004937724 ae139648 20904
0.00049240026 ae139648 19648
0.0004719959 ae139648 20971
0.00046079722 ae139648 17439
0.00045658895 ae139648 22331
0.0004478484 ae139648 14388
0.00043019172 ae139648 20312
0.00037628066 ae139648 18856
0.00034013545 ae139648 18812
0.00031252383 ae139648 12312
0.00030779504 ae139648 12313
0.00027176723 ae139648 16734
0.0 ae139648 22438
0.0 ae139648 22423
0.0 ae139648 22423
0.0 ae139648 22410
0.0 ae139648 22408
0.0 ae139648 22355
0.0 ae139648 22347
0.0 ae139648 22310
0.0 ae139648 22293
0.0 ae139648 22282
0.0 ae139648 22276
0.0 ae139648 22267
0.0 ae139648 22253
0.0 ae139648 22252
0.0 ae139648 22247
0.0 ae139648 22211
0.0 ae139648 22207
0.0 ae139648 22193
0.0 ae139648 22179
0.0 ae139648 22134
0.0 ae139648 22108
0.0 ae139648 22103
0.0 ae139648 22094
0.0 ae139648 22081
0.0 ae139648 22078
0.0 ae139648 22075
0.0 ae139648 22066
0.0 ae139648 22046
0.0 ae139648 22025
0.0 ae139648 22005
0.0 ae139648 21981
0.0 ae139648 21973
0.0 ae139648 21971
0.0 ae139648 21962
0.0 ae139648 21958
0.0 ae139648 21944
0.0 ae139648 21885
0.0 ae139648 21866
0.0 ae139648 21852
0.0 ae139648 21844
0.0 ae139648 21842
0.0 ae139648 21818
0.0 ae139648 21796
0.0 ae139648 21749
0.0 ae139648 21741
0.0 ae139648 21723
0.0 ae139648 21722
0.0 ae139648 21707
0.0 ae139648 21698
0.0 ae139648 21686
0.0 ae139648 21659
0.0 ae139648 21658
0.0 ae139648 21641
0.0 ae139648 21621
0.0 ae139648 21607
0.0 ae139648 21587
0.0 ae139648 21586
0.0 ae139648 21551
0.0 ae139648 21550
0.0 ae139648 21539
0.0 ae139648 21535
0.0 ae139648 21513
0.0 ae139648 21505
0.0 ae139648 21474
0.0 ae139648 21412
0.0 ae139648 21379
0.0 ae139648 21378
0.0 ae139648 21363
0.0 ae139648 21349
0.0 ae139648 21327
0.0 ae139648 21310
0.0 ae139648 21298
0.0 ae139648 21284
0.0 ae139648 21244
0.0 ae139648 21204
0.0 ae139648 21197
0.0 ae139648 21190
0.0 ae139648 21183
0.0 ae139648 21181
0.0 ae139648 21170
0.0 ae139648 21168
0.0 ae139648 21167
0.0 ae139648 21145
0.0 ae139648 21140
0.0 ae139648 21131
0.0 ae139648 21118
0.0 ae139648 21079
0.0 ae139648 21066
0.0 ae139648 21050
0.0 ae139648 21035
0.0 ae139648 21010
0.0 ae139648 21006
0.0 ae139648 20967
0.0 ae139648 20930
0.0 ae139648 20929
0.0 ae139648 20927
0.0 ae139648 20919
0.0 ae139648 20890
0.0 ae139648 20871
0.0 ae139648 20842
0.0 ae139648 20807
0.0 ae139648 20801
0.0 ae139648 20790
0.0 ae139648 20784
0.0 ae139648 20770
0.0 ae139648 20764
0.0 ae139648 20759
0.0 ae139648 20751
0.0 ae139648 20669
0.0 ae139648 20629
0.0 ae139648 20621
0.0 ae139648 20619
0.0 ae139648 20616
0.0 ae139648 20585
0.0 ae139648 20572
0.0 ae139648 20564
0.0 ae139648 20563
0.0 ae139648 20562
0.0 ae139648 20561
0.0 ae139648 20558
0.0 ae139648 20547
0.0 ae139648 20537
0.0 ae139648 20528
0.0 ae139648 20521
0.0 ae139648 20504
0.0 ae139648 20503
0.0 ae139648 20489
0.0 ae139648 20484
0.0 ae139648 20473
0.0 ae139648 20471
0.0 ae139648 20406
0.0 ae139648 20386
0.0 ae139648 20383
0.0 ae139648 20378
0.0 ae139648 20369
0.0 ae139648 20314
0.0 ae139648 20284
0.0 ae139648 20283
0.0 ae139648 20282
0.0 ae139648 20257
0.0 ae139648 20254
0.0 ae139648 20253
0.0 ae139648 20252
0.0 ae139648 20243
0.0 ae139648 20235
0.0 ae139648 20213
0.0 ae139648 20209
0.0 ae139648 20202
0.0 ae139648 20201
0.0 ae139648 20191
0.0 ae139648 20174
0.0 ae139648 20173
0.0 ae139648 20148
0.0 ae139648 20132
0.0 ae139648 20109
0.0 ae139648 20028
0.0 ae139648 20020
0.0 ae139648 19967
0.0 ae139648 19958
0.0 ae139648 19950
0.0 ae139648 19926
0.0 ae139648 19905
0.0 ae139648 19904
0.0 ae139648 19900
0.0 ae139648 19892
0.0 ae139648 19868
0.0 ae139648 19861
0.0 ae139648 19860
0.0 ae139648 19856
0.0 ae139648 19843
0.0 ae139648 19819
0.0 ae139648 19818
0.0 ae139648 19816
0.0 ae139648 19796
0.0 ae139648 19785
0.0 ae139648 19784
0.0 ae139648 19761
0.0 ae139648 19760
0.0 ae139648 19756
0.0 ae139648 19746
0.0 ae139648 19739
0.0 ae139648 19738
0.0 ae139648 19731
0.0 ae139648 19729
0.0 ae139648 19725
0.0 ae139648 19694
0.0 ae139648 19660
0.0 ae139648 19647
0.0 ae139648 19636
0.0 ae139648 19635
0.0 ae139648 19632
0.0 ae139648 19600
0.0 ae139648 19583
0.0 ae139648 19581
0.0 ae139648 19576
0.0 ae139648 19550
0.0 ae139648 19536
0.0 ae139648 19528
0.0 ae139648 19525
0.0 ae139648 19515
0.0 ae139648 19500
0.0 ae139648 19473
0.0 ae139648 19472
0.0 ae139648 19450
0.0 ae139648 19446
0.0 ae139648 19445
0.0 ae139648 19441
0.0 ae139648 19439
0.0 ae139648 19419
0.0 ae139648 19404
0.0 ae139648 19401
0.0 ae139648 19366
0.0 ae139648 19347
0.0 ae139648 19287
0.0 ae139648 19278
0.0 ae139648 19275
0.0 ae139648 19273
0.0 ae139648 19240
0.0 ae139648 19237
0.0 ae139648 19236
0.0 ae139648 19218
0.0 ae139648 19216
0.0 ae139648 19178
0.0 ae139648 19176
0.0 ae139648 19166
0.0 ae139648 19093
0.0 ae139648 19072
0.0 ae139648 19056
0.0 ae139648 19049
0.0 ae139648 19033
0.0 ae139648 19029
0.0 ae139648 19023
0.0 ae139648 19022
0.0 ae139648 19007
0.0 ae139648 18976
0.0 ae139648 18975
0.0 ae139648 18926
0.0 ae139648 18913
0.0 ae139648 18907
0.0 ae139648 18906
0.0 ae139648 18904
0.0 ae139648 18875
0.0 ae139648 18868
0.0 ae139648 18860
0.0 ae139648 18848
0.0 ae139648 18808
0.0 ae139648 18803
0.0 ae139648 18799
0.0 ae139648 18779
0.0 ae139648 18774
0.0 ae139648 18773
0.0 ae139648 18719
0.0 ae139648 18684
0.0 ae139648 18679
0.0 ae139648 18657
0.0 ae139648 18629
0.0 ae139648 18605
0.0 ae139648 18587
0.0 ae139648 18576
0.0 ae139648 18523
0.0 ae139648 18514
0.0 ae139648 18512
0.0 ae139648 18511
0.0 ae139648 18510
0.0 ae139648 18507
0.0 ae139648 18503
0.0 ae139648 18494
0.0 ae139648 18470
0.0 ae139648 18465
0.0 ae139648 18458
0.0 ae139648 18413
0.0 ae139648 18410
0.0 ae139648 18395
0.0 ae139648 18380
0.0 ae139648 18370
0.0 ae139648 18365
0.0 ae139648 18361
0.0 ae139648 18353
0.0 ae139648 18326
0.0 ae139648 18318
0.0 ae139648 18311
0.0 ae139648 18263
0.0 ae139648 18254
0.0 ae139648 18247
0.0 ae139648 18215
0.0 ae139648 18204
0.0 ae139648 18199
0.0 ae139648 18198
0.0 ae139648 18179
0.0 ae139648 18159
0.0 ae139648 18147
0.0 ae139648 18103
0.0 ae139648 18103
0.0 ae139648 18071
0.0 ae139648 18048
0.0 ae139648 18013
0.0 ae139648 18006
0.0 ae139648 17997
0.0 ae139648 17986
0.0 ae139648 17984
0.0 ae139648 17972
0.0 ae139648 17943
0.0 ae139648 17925
0.0 ae139648 17918
0.0 ae139648 17917
0.0 ae139648 17902
0.0 ae139648 17901
0.0 ae139648 17897
0.0 ae139648 17893
0.0 ae139648 17891
0.0 ae139648 17884
0.0 ae139648 17873
0.0 ae139648 17862
0.0 ae139648 17848
0.0 ae139648 17843
0.0 ae139648 17792
0.0 ae139648 17746
0.0 ae139648 17741
0.0 ae139648 17714
0.0 ae139648 17709
0.0 ae139648 17706
0.0 ae139648 17653
0.0 ae139648 17626
0.0 ae139648 17595
0.0 ae139648 17491
0.0 ae139648 17461
0.0 ae139648 17448
0.0 ae139648 17434
0.0 ae139648 17418
0.0 ae139648 17415
0.0 ae139648 17413
0.0 ae139648 17404
0.0 ae139648 17401
0.0 ae139648 17400
0.0 ae139648 17398
0.0 ae139648 17396
0.0 ae139648 17376
0.0 ae139648 17357
0.0 ae139648 17327
0.0 ae139648 17318
0.0 ae139648 17308
0.0 ae139648 17305
0.0 ae139648 17304
0.0 ae139648 17299
0.0 ae139648 17293
0.0 ae139648 17254
0.0 ae139648 17238
0.0 ae139648 17234
0.0 ae139648 17230
0.0 ae139648 17226
0.0 ae139648 17225
0.0 ae139648 17205
0.0 ae139648 17204
0.0 ae139648 17190
0.0 ae139648 17176
0.0 ae139648 17175
0.0 ae139648 17171
0.0 ae139648 17169
0.0 ae139648 17168
0.0 ae139648 17165
0.0 ae139648 17164
0.0 ae139648 17158
0.0 ae139648 17155
0.0 ae139648 17154
0.0 ae139648 17136
0.0 ae139648 17135
0.0 ae139648 17123
0.0 ae139648 17118
0.0 ae139648 17113
0.0 ae139648 17110
0.0 ae139648 17033
0.0 ae139648 17032
0.0 ae139648 17031
0.0 ae139648 17030
0.0 ae139648 17029
0.0 ae139648 17028
0.0 ae139648 17007
0.0 ae139648 17005
0.0 ae139648 17001
0.0 ae139648 16991
0.0 ae139648 16976
0.0 ae139648 16975
0.0 ae139648 16974
0.0 ae139648 16972
0.0 ae139648 16962
0.0 ae139648 16957
0.0 ae139648 16955
0.0 ae139648 16948
0.0 ae139648 16943
0.0 ae139648 16942
0.0 ae139648 16924
0.0 ae139648 16917
0.0 ae139648 16905
0.0 ae139648 16900
0.0 ae139648 16889
0.0 ae139648 16886
0.0 ae139648 16883
0.0 ae139648 16842
0.0 ae139648 16833
0.0 ae139648 16806
0.0 ae139648 16792
0.0 ae139648 16789
0.0 ae139648 16783
0.0 ae139648 16764
0.0 ae139648 16756
0.0 ae139648 16751
0.0 ae139648 16744
0.0 ae139648 16722
0.0 ae139648 16714
0.0 ae139648 16709
0.0 ae139648 16693
0.0 ae139648 16682
0.0 ae139648 16645
0.0 ae139648 16603
0.0 ae139648 16600
0.0 ae139648 16567
0.0 ae139648 16563
0.0 ae139648 16557
0.0 ae139648 16524
0.0 ae139648 16518
0.0 ae139648 16515
0.0 ae139648 16513
0.0 ae139648 16508
0.0 ae139648 16497
0.0 ae139648 16483
0.0 ae139648 16481
0.0 ae139648 16443
0.0 ae139648 16418
0.0 ae139648 16409
0.0 ae139648 16396
0.0 ae139648 16395
0.0 ae139648 16375
0.0 ae139648 16362
0.0 ae139648 16343
0.0 ae139648 16340
0.0 ae139648 16339
0.0 ae139648 16337
0.0 ae139648 16335
0.0 ae139648 16311
0.0 ae139648 16252
0.0 ae139648 16225
0.0 ae139648 16209
0.0 ae139648 16175
0.0 ae139648 16174
0.0 ae139648 16137
0.0 ae139648 16135
0.0 ae139648 16122
0.0 ae139648 16119
0.0 ae139648 16078
0.0 ae139648 16002
0.0 ae139648 15942
0.0 ae139648 15938
0.0 ae139648 15935
0.0 ae139648 15934
0.0 ae139648 15924
0.0 ae139648 15908
0.0 ae139648 15803
0.0 ae139648 15656
0.0 ae139648 15469
0.0 ae139648 15461
0.0 ae139648 15458
0.0 ae139648 15432
0.0 ae139648 15283
0.0 ae139648 15163
0.0 ae139648 15029
0.0 ae139648 14971
0.0 ae139648 14970
0.0 ae139648 14900
0.0 ae139648 14889
0.0 ae139648 14586
0.0 ae139648 14584
0.0 ae139648 14582
0.0 ae139648 14471
0.0 ae139648 14419
0.0 ae139648 14308
0.0 ae139648 14019
0.0 ae139648 13968
0.0 ae139648 13402
0.0 ae139648 13143
0.0 ae139648 13091
0.0 ae139648 13058
0.0 ae139648 12826
0.0 ae139648 11651
0.0 ae139648 11473
0.0 ae139648 10816
0.0 ae139648 10760
0.0 ae139648 10541
0.0 ae139648 10509
0.0 ae139648 9384
0.0 ae139648 7157

