0.33720443 02d24319 19602
0.19236955 02d24319 16137
0.18020073 02d24319 10816
0.17845118 02d24319 21908
0.17665327 02d24319 20619
0.16913536 02d24319 21170
0.16913536 02d24319 20751
0.16913536 02d24319 20202
0.16913536 02d24319 17299
0.16913536 02d24319 17169
0.15885904 02d24319 18398
0.14392437 02d24319 15461
0.1384623 02d24319 17025
0.13679214 02d24319 22046
0.122455046 02d24319 18922
0.11858258 02d24319 17073
0.113813534 02d24319 17945
0.11225165 02d24319 16645
0.11146633 02d24319 19583
0.10749598 02d24319 19863
0.10293507 02d24319 16362
0.10190673 02d24319 20519
0.09591246 02d24319 21982
0.08852895 02d24319 20833
0.08612747 02d24319 19299
0.084354885 02d24319 16508
0.084207445 02d24319 20163
0.08168239 02d24319 17833
0.079810366 02d24319 22039
0.079506546 02d24319 20979
0.077243954 02d24319 16648
0.07440695 02d24319 20556
0.073030435 02d24319 17541
0.07126512 02d24319 20770
0.068255365 02d24319 21562
0.06740925 02d24319 16751
0.067335434 02d24319 19660
0.06650557 02d24319 22288
0.064343534 02d24319 16289
0.06386577 02d24319 19007
0.06345021 02d24319 18143
0.062237322 02d24319 21501
0.061588567 02d24319 14713
0.061233707 02d24319 17389
0.061233707 02d24319 16403
0.060217544 02d24319 16659
0.058788616 02d24319 20001
0.058367454 02d24319 19427
0.055328548 02d24319 19166
0.05483522 02d24319 19499
0.05409527 02d24319 11210
0.05387814 02d24319 17015
0.053819753 02d24319 17460
0.05335913 02d24319 10541
0.05099217 02d24319 19937
0.050710235 02d24319 16316
0.0493436 02d24319 22240
0.0478332 02d24319 15340
0.047122985 02d24319 17622
0.04706948 02d24319 19285
0.045813307 02d24319 20055
0.045741897 02d24319 16315
0.04518577 02d24319 18865
0.044232685 02d24319 13468
0.043989647 02d24319 21722
0.043962155 02d24319 20731
0.04379458 02d24319 19386
0.0436274 02d24319 16258
0.043178815 02d24319 19656
0.043068055 02d24319 21223
0.042718112 02d24319 18494
0.04244352 02d24319 18892
0.042145424 02d24319 13968
0.042006783 02d24319 17412
0.041218452 02d24319 22082
0.04099185 02d24319 16634
0.04085167 02d24319 21741
0.040632896 02d24319 22102
0.040583357 02d24319 20196
0.040452022 02d24319 15214
0.039886095 02d24319 19367
0.039327346 02d24319 16336
0.039080597 02d24319 19960
0.038163535 02d24319 17145
0.03809503 02d24319 19874
0.037994612 02d24319 19308
0.037835293 02d24319 17112
0.037793033 02d24319 16682
0.03742145 02d24319 16980
0.037171066 02d24319 20175
0.03706655 02d24319 19178
0.036967423 02d24319 20528
0.036744278 02d24319 18628
0.036744278 02d24319 18627
0.036227576 02d24319 17601
0.035781957 02d24319 20213
0.03570752 02d24319 21958
0.03556012 02d24319 16915
0.03551803 02d24319 18651
0.035405695 02d24319 21885
0.035362482 02d24319 20536
0.035362482 02d24319 20273
0.035276365 02d24319 19203
0.034930076 02d24319 17303
0.034454774 02d24319 20250
0.03426569 02d24319 20251
0.03394705 02d24319 12330
0.0334321 02d24319 22258
0.033035114 02d24319 18709
0.03281139 02d24319 20194
0.032595035 02d24319 17918
0.03258847 02d24319 20516
0.032334913 02d24319 16502
0.032307867 02d24319 21404
0.032229993 02d24319 17571
0.032221317 02d24319 20441
0.03205914 02d24319 20195
0.03202175 02d24319 20186
0.031857666 02d24319 16061
0.031730216 02d24319 20737
0.03144892 02d24319 14889
0.031236803 02d24319 17626
0.031095486 02d24319 19310
0.031062847 02d24319 16801
0.031010136 02d24319 15910
0.030594949 02d24319 16711
0.030532366 02d24319 17171
0.030449845 02d24319 14019
0.030234993 02d24319 15511
0.030127687 02d24319 16526
0.030047031 02d24319 16603
0.029962402 02d24319 13054
0.02981307 02d24319 18684
0.029659051 02d24319 16253
0.029518845 02d24319 21934
0.029363941 02d24319 20181
0.029077945 02d24319 21118
0.028859077 02d24319 19796
0.02839526 02d24319 20123
0.028383477 02d24319 20235
0.027992237 02d24319 21459
0.027826 02d24319 20581
0.027787542 02d24319 17479
0.027638718 02d24319 16512
0.027523374 02d24319 20829
0.027523374 02d24319 20797
0.02743158 02d24319 21145
0.02742196 02d24319 18793
0.0273946 02d24319 20206
0.027219076 02d24319 18674
0.02709278 02d24319 16208
0.027006213 02d24319 19517
0.026833005 02d24319 19926
0.026758533 02d24319 19400
0.026670933 02d24319 18320
0.026457895 02d24319 19851
0.026317036 02d24319 16279
0.026275769 02d24319 18629
0.026148478 02d24319 18876
0.026100518 02d24319 18510
0.026094247 02d24319 17842
0.02609041 02d24319 17489
0.026069794 02d24319 20616
0.026066933 02d24319 18816
0.025966741 02d24319 22150
0.025875784 02d24319 20180
0.025792897 02d24319 19525
0.025792817 02d24319 18451
0.025716767 02d24319 20447
0.02562058 02d24319 20409
0.025439031 02d24319 17082
0.025318764 02d24319 14582
0.025310438 02d24319 21035
0.025150398 02d24319 16640
0.024858989 02d24319 18006
0.024765456 02d24319 13960
0.024757901 02d24319 18507
0.024726119 02d24319 14356
0.024592694 02d24319 12845
0.024443543 02d24319 21749
0.024361718 02d24319 18673
0.02434211 02d24319 20786
0.024129452 02d24319 17782
0.023859326 02d24319 20651
0.023835221 02d24319 22434
0.023815725 02d24319 17434
0.02379748 02d24319 17805
0.023699917 02d24319 22361
0.023659177 02d24319 22282
0.023471897 02d24319 17606
0.023468941 02d24319 20157
0.023447117 02d24319 21659
0.02340555 02d24319 21549
0.023385385 02d24319 16524
0.023366727 02d24319 16886
0.023130435 02d24319 19153
0.022981927 02d24319 17857
0.02297583 02d24319 19275
0.022901738 02d24319 17034
0.02284471 02d24319 17135
0.022634814 02d24319 17248
0.022504907 02d24319 17249
0.02243611 02d24319 18609
0.022400936 02d24319 19654
0.022386955 02d24319 19009
0.022304922 02d24319 12305
0.022268109 02d24319 20762
0.021981973 02d24319 17546
0.021977171 02d24319 20458
0.021926094 02d24319 21455
0.02176378 02d24319 16343
0.021625528 02d24319 14026
0.021331683 02d24319 16355
0.021328352 02d24319 15999
0.021080354 02d24319 20028
0.021032857 02d24319 19090
0.020995654 02d24319 13359
0.020922005 02d24319 14678
0.020851964 02d24319 18520
0.020695945 02d24319 13926
0.0206337 02d24319 18929
0.02061991 02d24319 16308
0.020523459 02d24319 13749
0.02005068 02d24319 19483
0.019975483 02d24319 20052
0.019899921 02d24319 18920
0.01989501 02d24319 17022
0.019893732 02d24319 18077
0.01988668 02d24319 14630
0.019828651 02d24319 18808
0.019827407 02d24319 19957
0.01972141 02d24319 20385
0.019707067 02d24319 19391
0.019637255 02d24319 16340
0.019637255 02d24319 16339
0.019637255 02d24319 16337
0.019637255 02d24319 16335
0.019624826 02d24319 22111
0.019614607 02d24319 19519
0.01941614 02d24319 11489
0.019193156 02d24319 20455
0.019186528 02d24319 17165
0.01914758 02d24319 16391
0.018896624 02d24319 14844
0.018878056 02d24319 21131
0.018749665 02d24319 18905
0.018644104 02d24319 21641
0.018641029 02d24319 17787
0.018569019 02d24319 20412
0.018552197 02d24319 16820
0.018542575 02d24319 22368
0.018533068 02d24319 21310
0.018312898 02d24319 20109
0.018303612 02d24319 18789
0.018114848 02d24319 16887
0.018038971 02d24319 18071
0.018037079 02d24319 16964
0.017997144 02d24319 18657
0.017838983 02d24319 18605
0.017728448 02d24319 18177
0.01772131 02d24319 18926
0.017678684 02d24319 18293
0.01763583 02d24319 15848
0.01761351 02d24319 18323
0.017586099 02d24319 16821
0.017562397 02d24319 19815
0.017546182 02d24319 20967
0.017511638 02d24319 22134
0.017480474 02d24319 21261
0.017429797 02d24319 20077
0.017391715 02d24319 19738
0.017382486 02d24319 18939
0.017322628 02d24319 21189
0.017308583 02d24319 14699
0.017283447 02d24319 19998
0.017229917 02d24319 20137
0.017171485 02d24319 21576
0.017124208 02d24319 17621
0.017023675 02d24319 21218
0.017008679 02d24319 16469
0.016781956 02d24319 22006
0.016686393 02d24319 18275
0.016475495 02d24319 21188
0.016417343 02d24319 20792
0.01605201 02d24319 17320
0.016023235 02d24319 17825
0.015964147 02d24319 19433
0.015855066 02d24319 12871
0.01580588 02d24319 19756
0.0155774355 02d24319 20046
0.015498987 02d24319 19781
0.015365488 02d24319 21255
0.015350037 02d24319 16291
0.015245114 02d24319 16228
0.0151674 02d24319 19774
0.015152135 02d24319 15697
0.015146029 02d24319 19314
0.014898003 02d24319 17843
0.014719003 02d24319 16442
0.0145556675 02d24319 19872
0.014490247 02d24319 21311
0.014390911 02d24319 17967
0.01437584 02d24319 21843
0.014294449 02d24319 8835
0.0142551605 02d24319 19516
0.014197089 02d24319 21690
0.014185084 02d24319 19875
0.014091318 02d24319 21176
0.014056599 02d24319 19249
0.013988764 02d24319 19301
0.013951303 02d24319 22038
0.0138955545 02d24319 18241
0.0138955545 02d24319 18241
0.013892796 02d24319 22079
0.013892566 02d24319 17946
0.013858437 02d24319 17623
0.013700361 02d24319 19940
0.0136931185 02d24319 20298
0.013618996 02d24319 17698
0.013347707 02d24319 18057
0.01329033 02d24319 18115
0.013224458 02d24319 21177
0.01315836 02d24319 19890
0.013150691 02d24319 10441
0.013074838 02d24319 16618
0.013073786 02d24319 18081
0.0129539985 02d24319 16860
0.012928594 02d24319 18153
0.012925021 02d24319 20557
0.012847945 02d24319 11257
0.012827438 02d24319 22210
0.012757601 02d24319 16425
0.01275513 02d24319 22254
0.012693979 02d24319 17370
0.012631649 02d24319 20832
0.012550385 02d24319 16725
0.012523531 02d24319 17592
0.012493869 02d24319 16531
0.012477882 02d24319 16905
0.012429568 02d24319 19300
0.012429568 02d24319 19300
0.01240359 02d24319 20827
0.0123975575 02d24319 16051
0.012289089 02d24319 20035
0.01200941 02d24319 21726
0.011957206 02d24319 20429
0.011932526 02d24319 18836
0.011753845 02d24319 21411
0.011702717 02d24319 21578
0.011587825 02d24319 20830
0.011586979 02d24319 18717
0.011531992 02d24319 18079
0.011511652 02d24319 15057
0.0114299115 02d24319 22411
0.011422261 02d24319 22386
0.01137162 02d24319 20156
0.011358965 02d24319 21681
0.011310603 02d24319 16842
0.011241671 02d24319 20929
0.011145268 02d24319 13756
0.011095426 02d24319 20405
0.011073963 02d24319 14900
0.011025869 02d24319 17026
0.011008215 02d24319 17001
0.010995948 02d24319 21957
0.010942613 02d24319 20543
0.010924339 02d24319 21884
0.010899091 02d24319 14856
0.010888902 02d24319 17056
0.010885092 02d24319 20628
0.010862804 02d24319 22185
0.010812128 02d24319 22390
0.010719018 02d24319 20637
0.010695615 02d24319 16972
0.010659809 02d24319 20662
0.010561816 02d24319 14340
0.010485198 02d24319 12457
0.010412967 02d24319 18576
0.010391161 02d24319 15971
0.010312385 02d24319 15796
0.010281454 02d24319 15790
0.010260091 02d24319 17653
0.01022179 02d24319 20927
0.010199491 02d24319 16471
0.010159096 02d24319 17542
0.010153886 02d24319 13755
0.010100347 02d24319 20190
0.010001964 02d24319 20151
0.009972792 02d24319 15529
0.0098982295 02d24319 16485
0.009861242 02d24319 18862
0.009762994 02d24319 21583
0.009700363 02d24319 16292
0.009694929 02d24319 16473
0.009691992 02d24319 18990
0.009686449 02d24319 20098
0.009581356 02d24319 22278
0.009568969 02d24319 19205
0.009558175 02d24319 20638
0.009496212 02d24319 15108
0.009461007 02d24319 19624
0.00945147 02d24319 15608
0.0094198445 02d24319 20067
0.0093296375 02d24319 19850
0.0093175955 02d24319 17984
0.009241256 02d24319 18093
0.009140608 02d24319 18581
0.009015022 02d24319 20208
0.0089876475 02d24319 17186
0.008876363 02d24319 21509
0.008705225 02d24319 19622
0.008700335 02d24319 15913
0.008658729 02d24319 17765
0.008642499 02d24319 19348
0.0086116865 02d24319 16393
0.008589259 02d24319 22268
0.008535317 02d24319 19585
0.008453788 02d24319 17788
0.008418694 02d24319 17442
0.00792071 02d24319 18997
0.007847677 02d24319 16734
0.0077764867 02d24319 15722
0.007776384 02d24319 22284
0.007711132 02d24319 21551
0.007560407 02d24319 19779
0.007512346 02d24319 18794
0.007470628 02d24319 19045
0.0074391174 02d24319 21117
0.0074362736 02d24319 16192
0.007150208 02d24319 17925
0.0071442975 02d24319 21897
0.0070877695 02d24319 18967
0.0070479093 02d24319 14503
0.007032944 02d24319 21452
0.007032944 02d24319 21451
0.006936395 02d24319 18318
0.00683341 02d24319 15814
0.0067603625 02d24319 19961
0.0066576833 02d24319 21013
0.0066395733 02d24319 14647
0.0065337326 02d24319 20222
0.006502989 02d24319 13288
0.006468054 02d24319 19743
0.006468054 02d24319 19743
0.006466139 02d24319 14388
0.006358298 02d24319 19320
0.006117409 02d24319 15854
0.0061025824 02d24319 17763
0.0058298465 02d24319 20387
0.0058140955 02d24319 19866
0.0056577 02d24319 17019
0.00559689 02d24319 16991
0.005424968 02d24319 18050
0.005424968 02d24319 18033
0.0054146806 02d24319 19222
0.005399582 02d24319 12850
0.0052069738 02d24319 21689
0.0050538997 02d24319 16624
0.0049749794 02d24319 18373
0.004923439 02d24319 21953
0.0048426394 02d24319 20406
0.004819652 02d24319 19681
0.004818308 02d24319 20369
0.0045659197 02d24319 19868
0.004525039 02d24319 20127
0.004326592 02d24319 20076
0.0037577546 02d24319 21147
0.0035899747 02d24319 21954
0.0035193597 02d24319 21454
0.0032801614 02d24319 16925
0.0029591916 02d24319 19536
0.0025453668 02d24319 19030
0.0012657755 02d24319 11089
0.000249445 02d24319 20904
0.0 02d24319 22443
0.0 02d24319 22440
0.0 02d24319 22438
0.0 02d24319 22436
0.0 02d24319 22432
0.0 02d24319 22423
0.0 02d24319 22423
0.0 02d24319 22410
0.0 02d24319 22408
0.0 02d24319 22397
0.0 02d24319 22392
0.0 02d24319 22384
0.0 02d24319 22355
0.0 02d24319 22350
0.0 02d24319 22347
0.0 02d24319 22334
0.0 02d24319 22333
0.0 02d24319 22331
0.0 02d24319 22323
0.0 02d24319 22318
0.0 02d24319 22310
0.0 02d24319 22301
0.0 02d24319 22294
0.0 02d24319 22293
0.0 02d24319 22291
0.0 02d24319 22281
0.0 02d24319 22276
0.0 02d24319 22272
0.0 02d24319 22267
0.0 02d24319 22253
0.0 02d24319 22252
0.0 02d24319 22247
0.0 02d24319 22243
0.0 02d24319 22237
0.0 02d24319 22214
0.0 02d24319 22211
0.0 02d24319 22207
0.0 02d24319 22198
0.0 02d24319 22193
0.0 02d24319 22183
0.0 02d24319 22182
0.0 02d24319 22179
0.0 02d24319 22163
0.0 02d24319 22154
0.0 02d24319 22138
0.0 02d24319 22127
0.0 02d24319 22115
0.0 02d24319 22108
0.0 02d24319 22103
0.0 02d24319 22094
0.0 02d24319 22090
0.0 02d24319 22088
0.0 02d24319 22081
0.0 02d24319 22078
0.0 02d24319 22077
0.0 02d24319 22075
0.0 02d24319 22074
0.0 02d24319 22066
0.0 02d24319 22061
0.0 02d24319 22060
0.0 02d24319 22058
0.0 02d24319 22055
0.0 02d24319 22036
0.0 02d24319 22032
0.0 02d24319 22027
0.0 02d24319 22026
0.0 02d24319 22025
0.0 02d24319 22022
0.0 02d24319 22019
0.0 02d24319 22015
0.0 02d24319 22011
0.0 02d24319 22008
0.0 02d24319 22007
0.0 02d24319 22005
0.0 02d24319 21989
0.0 02d24319 21988
0.0 02d24319 21981
0.0 02d24319 21978
0.0 02d24319 21976
0.0 02d24319 21973
0.0 02d24319 21971
0.0 02d24319 21964
0.0 02d24319 21962
0.0 02d24319 21959
0.0 02d24319 21945
0.0 02d24319 21944
0.0 02d24319 21939
0.0 02d24319 21938
0.0 02d24319 21933
0.0 02d24319 21921
0.0 02d24319 21917
0.0 02d24319 21915
0.0 02d24319 21913
0.0 02d24319 21902
0.0 02d24319 21895
0.0 02d24319 21878
0.0 02d24319 21877
0.0 02d24319 21866
0.0 02d24319 21858
0.0 02d24319 21852
0.0 02d24319 21844
0.0 02d24319 21842
0.0 02d24319 21839
0.0 02d24319 21821
0.0 02d24319 21819
0.0 02d24319 21818
0.0 02d24319 21814
0.0 02d24319 21808
0.0 02d24319 21798
0.0 02d24319 21796
0.0 02d24319 21780
0.0 02d24319 21765
0.0 02d24319 21764
0.0 02d24319 21753
0.0 02d24319 21725
0.0 02d24319 21723
0.0 02d24319 21713
0.0 02d24319 21707
0.0 02d24319 21706
0.0 02d24319 21698
0.0 02d24319 21697
0.0 02d24319 21686
0.0 02d24319 21683
0.0 02d24319 21677
0.0 02d24319 21676
0.0 02d24319 21675
0.0 02d24319 21661
0.0 02d24319 21658
0.0 02d24319 21653
0.0 02d24319 21621
0.0 02d24319 21607
0.0 02d24319 21606
0.0 02d24319 21603
0.0 02d24319 21587
0.0 02d24319 21586
0.0 02d24319 21579
0.0 02d24319 21550
0.0 02d24319 21539
0.0 02d24319 21535
0.0 02d24319 21533
0.0 02d24319 21530
0.0 02d24319 21524
0.0 02d24319 21519
0.0 02d24319 21517
0.0 02d24319 21515
0.0 02d24319 21513
0.0 02d24319 21512
0.0 02d24319 21505
0.0 02d24319 21497
0.0 02d24319 21474
0.0 02d24319 21440
0.0 02d24319 21412
0.0 02d24319 21401
0.0 02d24319 21384
0.0 02d24319 21381
0.0 02d24319 21379
0.0 02d24319 21378
0.0 02d24319 21363
0.0 02d24319 21349
0.0 02d24319 21333
0.0 02d24319 21327
0.0 02d24319 21312
0.0 02d24319 21307
0.0 02d24319 21300
0.0 02d24319 21298
0.0 02d24319 21295
0.0 02d24319 21284
0.0 02d24319 21282
0.0 02d24319 21274
0.0 02d24319 21272
0.0 02d24319 21244
0.0 02d24319 21236
0.0 02d24319 21219
0.0 02d24319 21216
0.0 02d24319 21204
0.0 02d24319 21197
0.0 02d24319 21190
0.0 02d24319 21186
0.0 02d24319 21183
0.0 02d24319 21181
0.0 02d24319 21178
0.0 02d24319 21173
0.0 02d24319 21168
0.0 02d24319 21167
0.0 02d24319 21163
0.0 02d24319 21155
0.0 02d24319 21153
0.0 02d24319 21151
0.0 02d24319 21140
0.0 02d24319 21127
0.0 02d24319 21125
0.0 02d24319 21109
0.0 02d24319 21107
0.0 02d24319 21079
0.0 02d24319 21066
0.0 02d24319 21058
0.0 02d24319 21050
0.0 02d24319 21040
0.0 02d24319 21019
0.0 02d24319 21010
0.0 02d24319 21007
0.0 02d24319 21006
0.0 02d24319 20994
0.0 02d24319 20990
0.0 02d24319 20983
0.0 02d24319 20971
0.0 02d24319 20968
0.0 02d24319 20957
0.0 02d24319 20949
0.0 02d24319 20943
0.0 02d24319 20932
0.0 02d24319 20930
0.0 02d24319 20922
0.0 02d24319 20919
0.0 02d24319 20900
0.0 02d24319 20893
0.0 02d24319 20892
0.0 02d24319 20890
0.0 02d24319 20880
0.0 02d24319 20871
0.0 02d24319 20869
0.0 02d24319 20852
0.0 02d24319 20848
0.0 02d24319 20843
0.0 02d24319 20842
0.0 02d24319 20839
0.0 02d24319 20824
0.0 02d24319 20810
0.0 02d24319 20807
0.0 02d24319 20806
0.0 02d24319 20801
0.0 02d24319 20799
0.0 02d24319 20790
0.0 02d24319 20784
0.0 02d24319 20782
0.0 02d24319 20780
0.0 02d24319 20764
0.0 02d24319 20759
0.0 02d24319 20736
0.0 02d24319 20734
0.0 02d24319 20708
0.0 02d24319 20680
0.0 02d24319 20669
0.0 02d24319 20664
0.0 02d24319 20654
0.0 02d24319 20639
0.0 02d24319 20632
0.0 02d24319 20629
0.0 02d24319 20624
0.0 02d24319 20621
0.0 02d24319 20620
0.0 02d24319 20615
0.0 02d24319 20588
0.0 02d24319 20587
0.0 02d24319 20586
0.0 02d24319 20585
0.0 02d24319 20572
0.0 02d24319 20564
0.0 02d24319 20563
0.0 02d24319 20562
0.0 02d24319 20561
0.0 02d24319 20558
0.0 02d24319 20554
0.0 02d24319 20553
0.0 02d24319 20547
0.0 02d24319 20537
0.0 02d24319 20530
0.0 02d24319 20521
0.0 02d24319 20514
0.0 02d24319 20504
0.0 02d24319 20503
0.0 02d24319 20501
0.0 02d24319 20489
0.0 02d24319 20488
0.0 02d24319 20484
0.0 02d24319 20473
0.0 02d24319 20471
0.0 02d24319 20470
0.0 02d24319 20460
0.0 02d24319 20457
0.0 02d24319 20454
0.0 02d24319 20449
0.0 02d24319 20442
0.0 02d24319 20440
0.0 02d24319 20437
0.0 02d24319 20425
0.0 02d24319 20401
0.0 02d24319 20386
0.0 02d24319 20383
0.0 02d24319 20378
0.0 02d24319 20316
0.0 02d24319 20314
0.0 02d24319 20312
0.0 02d24319 20306
0.0 02d24319 20295
0.0 02d24319 20284
0.0 02d24319 20283
0.0 02d24319 20282
0.0 02d24319 20275
0.0 02d24319 20257
0.0 02d24319 20254
0.0 02d24319 20253
0.0 02d24319 20252
0.0 02d24319 20245
0.0 02d24319 20244
0.0 02d24319 20243
0.0 02d24319 20226
0.0 02d24319 20224
0.0 02d24319 20209
0.0 02d24319 20204
0.0 02d24319 20201
0.0 02d24319 20191
0.0 02d24319 20183
0.0 02d24319 20174
0.0 02d24319 20173
0.0 02d24319 20160
0.0 02d24319 20148
0.0 02d24319 20147
0.0 02d24319 20146
0.0 02d24319 20139
0.0 02d24319 20132
0.0 02d24319 20121
0.0 02d24319 20107
0.0 02d24319 20093
0.0 02d24319 20087
0.0 02d24319 20087
0.0 02d24319 20086
0.0 02d24319 20086
0.0 02d24319 20085
0.0 02d24319 20068
0.0 02d24319 20034
0.0 02d24319 20033
0.0 02d24319 20020
0.0 02d24319 20018
0.0 02d24319 20013
0.0 02d24319 20010
0.0 02d24319 20005
0.0 02d24319 19990
0.0 02d24319 19983
0.0 02d24319 19981
0.0 02d24319 19967
0.0 02d24319 19965
0.0 02d24319 19965
0.0 02d24319 19959
0.0 02d24319 19958
0.0 02d24319 19954
0.0 02d24319 19950
0.0 02d24319 19935
0.0 02d24319 19930
0.0 02d24319 19929
0.0 02d24319 19923
0.0 02d24319 19920
0.0 02d24319 19919
0.0 02d24319 19918
0.0 02d24319 19917
0.0 02d24319 19912
0.0 02d24319 19910
0.0 02d24319 19905
0.0 02d24319 19904
0.0 02d24319 19901
0.0 02d24319 19900
0.0 02d24319 19892
0.0 02d24319 19883
0.0 02d24319 19865
0.0 02d24319 19861
0.0 02d24319 19860
0.0 02d24319 19859
0.0 02d24319 19856
0.0 02d24319 19844
0.0 02d24319 19843
0.0 02d24319 19841
0.0 02d24319 19839
0.0 02d24319 19836
0.0 02d24319 19833
0.0 02d24319 19820
0.0 02d24319 19819
0.0 02d24319 19818
0.0 02d24319 19817
0.0 02d24319 19816
0.0 02d24319 19811
0.0 02d24319 19799
0.0 02d24319 19785
0.0 02d24319 19784
0.0 02d24319 19762
0.0 02d24319 19761
0.0 02d24319 19760
0.0 02d24319 19751
0.0 02d24319 19746
0.0 02d24319 19739
0.0 02d24319 19736
0.0 02d24319 19735
0.0 02d24319 19731
0.0 02d24319 19729
0.0 02d24319 19725
0.0 02d24319 19700
0.0 02d24319 19697
0.0 02d24319 19695
0.0 02d24319 19694
0.0 02d24319 19688
0.0 02d24319 19686
0.0 02d24319 19678
0.0 02d24319 19675
0.0 02d24319 19674
0.0 02d24319 19671
0.0 02d24319 19668
0.0 02d24319 19665
0.0 02d24319 19652
0.0 02d24319 19651
0.0 02d24319 19648
0.0 02d24319 19647
0.0 02d24319 19636
0.0 02d24319 19635
0.0 02d24319 19632
0.0 02d24319 19606
0.0 02d24319 19603
0.0 02d24319 19600
0.0 02d24319 19598
0.0 02d24319 19597
0.0 02d24319 19581
0.0 02d24319 19576
0.0 02d24319 19550
0.0 02d24319 19548
0.0 02d24319 19547
0.0 02d24319 19528
0.0 02d24319 19515
0.0 02d24319 19511
0.0 02d24319 19505
0.0 02d24319 19501
0.0 02d24319 19500
0.0 02d24319 19481
0.0 02d24319 19480
0.0 02d24319 19473
0.0 02d24319 19472
0.0 02d24319 19470
0.0 02d24319 19464
0.0 02d24319 19454
0.0 02d24319 19453
0.0 02d24319 19450
0.0 02d24319 19446
0.0 02d24319 19445
0.0 02d24319 19441
0.0 02d24319 19440
0.0 02d24319 19439
0.0 02d24319 19429
0.0 02d24319 19421
0.0 02d24319 19419
0.0 02d24319 19411
0.0 02d24319 19407
0.0 02d24319 19406
0.0 02d24319 19404
0.0 02d24319 19401
0.0 02d24319 19398
0.0 02d24319 19394
0.0 02d24319 19393
0.0 02d24319 19392
0.0 02d24319 19390
0.0 02d24319 19370
0.0 02d24319 19366
0.0 02d24319 19361
0.0 02d24319 19359
0.0 02d24319 19352
0.0 02d24319 19347
0.0 02d24319 19342
0.0 02d24319 19335
0.0 02d24319 19332
0.0 02d24319 19327
0.0 02d24319 19322
0.0 02d24319 19317
0.0 02d24319 19311
0.0 02d24319 19292
0.0 02d24319 19287
0.0 02d24319 19284
0.0 02d24319 19282
0.0 02d24319 19278
0.0 02d24319 19277
0.0 02d24319 19276
0.0 02d24319 19274
0.0 02d24319 19273
0.0 02d24319 19269
0.0 02d24319 19268
0.0 02d24319 19255
0.0 02d24319 19251
0.0 02d24319 19241
0.0 02d24319 19240
0.0 02d24319 19237
0.0 02d24319 19236
0.0 02d24319 19234
0.0 02d24319 19233
0.0 02d24319 19218
0.0 02d24319 19216
0.0 02d24319 19213
0.0 02d24319 19211
0.0 02d24319 19201
0.0 02d24319 19199
0.0 02d24319 19182
0.0 02d24319 19181
0.0 02d24319 19179
0.0 02d24319 19176
0.0 02d24319 19164
0.0 02d24319 19158
0.0 02d24319 19136
0.0 02d24319 19134
0.0 02d24319 19130
0.0 02d24319 19117
0.0 02d24319 19093
0.0 02d24319 19081
0.0 02d24319 19072
0.0 02d24319 19058
0.0 02d24319 19056
0.0 02d24319 19049
0.0 02d24319 19048
0.0 02d24319 19044
0.0 02d24319 19038
0.0 02d24319 19033
0.0 02d24319 19029
0.0 02d24319 19023
0.0 02d24319 19022
0.0 02d24319 19021
0.0 02d24319 19004
0.0 02d24319 18996
0.0 02d24319 18995
0.0 02d24319 18976
0.0 02d24319 18975
0.0 02d24319 18942
0.0 02d24319 18941
0.0 02d24319 18928
0.0 02d24319 18924
0.0 02d24319 18918
0.0 02d24319 18913
0.0 02d24319 18907
0.0 02d24319 18906
0.0 02d24319 18904
0.0 02d24319 18903
0.0 02d24319 18902
0.0 02d24319 18899
0.0 02d24319 18891
0.0 02d24319 18881
0.0 02d24319 18879
0.0 02d24319 18875
0.0 02d24319 18874
0.0 02d24319 18873
0.0 02d24319 18868
0.0 02d24319 18861
0.0 02d24319 18860
0.0 02d24319 18858
0.0 02d24319 18856
0.0 02d24319 18852
0.0 02d24319 18848
0.0 02d24319 18847
0.0 02d24319 18842
0.0 02d24319 18841
0.0 02d24319 18832
0.0 02d24319 18812
0.0 02d24319 18805
0.0 02d24319 18803
0.0 02d24319 18799
0.0 02d24319 18791
0.0 02d24319 18779
0.0 02d24319 18777
0.0 02d24319 18774
0.0 02d24319 18773
0.0 02d24319 18766
0.0 02d24319 18758
0.0 02d24319 18747
0.0 02d24319 18739
0.0 02d24319 18737
0.0 02d24319 18731
0.0 02d24319 18730
0.0 02d24319 18725
0.0 02d24319 18722
0.0 02d24319 18719
0.0 02d24319 18702
0.0 02d24319 18701
0.0 02d24319 18699
0.0 02d24319 18698
0.0 02d24319 18697
0.0 02d24319 18679
0.0 02d24319 18671
0.0 02d24319 18670
0.0 02d24319 18666
0.0 02d24319 18660
0.0 02d24319 18654
0.0 02d24319 18647
0.0 02d24319 18646
0.0 02d24319 18641
0.0 02d24319 18638
0.0 02d24319 18634
0.0 02d24319 18633
0.0 02d24319 18632
0.0 02d24319 18630
0.0 02d24319 18626
0.0 02d24319 18624
0.0 02d24319 18622
0.0 02d24319 18615
0.0 02d24319 18614
0.0 02d24319 18595
0.0 02d24319 18593
0.0 02d24319 18592
0.0 02d24319 18591
0.0 02d24319 18587
0.0 02d24319 18575
0.0 02d24319 18573
0.0 02d24319 18555
0.0 02d24319 18554
0.0 02d24319 18552
0.0 02d24319 18545
0.0 02d24319 18541
0.0 02d24319 18539
0.0 02d24319 18533
0.0 02d24319 18531
0.0 02d24319 18524
0.0 02d24319 18523
0.0 02d24319 18514
0.0 02d24319 18512
0.0 02d24319 18511
0.0 02d24319 18503
0.0 02d24319 18502
0.0 02d24319 18499
0.0 02d24319 18496
0.0 02d24319 18483
0.0 02d24319 18481
0.0 02d24319 18480
0.0 02d24319 18470
0.0 02d24319 18469
0.0 02d24319 18467
0.0 02d24319 18465
0.0 02d24319 18462
0.0 02d24319 18458
0.0 02d24319 18453
0.0 02d24319 18446
0.0 02d24319 18444
0.0 02d24319 18432
0.0 02d24319 18429
0.0 02d24319 18425
0.0 02d24319 18424
0.0 02d24319 18417
0.0 02d24319 18416
0.0 02d24319 18413
0.0 02d24319 18410
0.0 02d24319 18401
0.0 02d24319 18400
0.0 02d24319 18399
0.0 02d24319 18397
0.0 02d24319 18395
0.0 02d24319 18394
0.0 02d24319 18381
0.0 02d24319 18380
0.0 02d24319 18376
0.0 02d24319 18371
0.0 02d24319 18370
0.0 02d24319 18369
0.0 02d24319 18368
0.0 02d24319 18367
0.0 02d24319 18366
0.0 02d24319 18365
0.0 02d24319 18364
0.0 02d24319 18362
0.0 02d24319 18361
0.0 02d24319 18360
0.0 02d24319 18357
0.0 02d24319 18353
0.0 02d24319 18351
0.0 02d24319 18347
0.0 02d24319 18337
0.0 02d24319 18331
0.0 02d24319 18326
0.0 02d24319 18311
0.0 02d24319 18305
0.0 02d24319 18296
0.0 02d24319 18284
0.0 02d24319 18283
0.0 02d24319 18282
0.0 02d24319 18269
0.0 02d24319 18263
0.0 02d24319 18260
0.0 02d24319 18258
0.0 02d24319 18254
0.0 02d24319 18252
0.0 02d24319 18251
0.0 02d24319 18250
0.0 02d24319 18247
0.0 02d24319 18236
0.0 02d24319 18230
0.0 02d24319 18215
0.0 02d24319 18213
0.0 02d24319 18211
0.0 02d24319 18206
0.0 02d24319 18204
0.0 02d24319 18202
0.0 02d24319 18199
0.0 02d24319 18198
0.0 02d24319 18195
0.0 02d24319 18190
0.0 02d24319 18188
0.0 02d24319 18180
0.0 02d24319 18179
0.0 02d24319 18178
0.0 02d24319 18175
0.0 02d24319 18161
0.0 02d24319 18159
0.0 02d24319 18154
0.0 02d24319 18151
0.0 02d24319 18147
0.0 02d24319 18142
0.0 02d24319 18141
0.0 02d24319 18136
0.0 02d24319 18129
0.0 02d24319 18127
0.0 02d24319 18109
0.0 02d24319 18103
0.0 02d24319 18103
0.0 02d24319 18100
0.0 02d24319 18099
0.0 02d24319 18096
0.0 02d24319 18094
0.0 02d24319 18086
0.0 02d24319 18080
0.0 02d24319 18074
0.0 02d24319 18069
0.0 02d24319 18069
0.0 02d24319 18062
0.0 02d24319 18056
0.0 02d24319 18052
0.0 02d24319 18048
0.0 02d24319 18041
0.0 02d24319 18034
0.0 02d24319 18019
0.0 02d24319 18013
0.0 02d24319 18011
0.0 02d24319 17997
0.0 02d24319 17988
0.0 02d24319 17986
0.0 02d24319 17981
0.0 02d24319 17980
0.0 02d24319 17975
0.0 02d24319 17974
0.0 02d24319 17973
0.0 02d24319 17972
0.0 02d24319 17954
0.0 02d24319 17943
0.0 02d24319 17936
0.0 02d24319 17935
0.0 02d24319 17931
0.0 02d24319 17920
0.0 02d24319 17919
0.0 02d24319 17917
0.0 02d24319 17912
0.0 02d24319 17902
0.0 02d24319 17901
0.0 02d24319 17899
0.0 02d24319 17898
0.0 02d24319 17897
0.0 02d24319 17893
0.0 02d24319 17892
0.0 02d24319 17891
0.0 02d24319 17890
0.0 02d24319 17884
0.0 02d24319 17873
0.0 02d24319 17872
0.0 02d24319 17870
0.0 02d24319 17868
0.0 02d24319 17865
0.0 02d24319 17862
0.0 02d24319 17859
0.0 02d24319 17850
0.0 02d24319 17848
0.0 02d24319 17845
0.0 02d24319 17838
0.0 02d24319 17828
0.0 02d24319 17823
0.0 02d24319 17821
0.0 02d24319 17812
0.0 02d24319 17808
0.0 02d24319 17795
0.0 02d24319 17792
0.0 02d24319 17791
0.0 02d24319 17785
0.0 02d24319 17783
0.0 02d24319 17769
0.0 02d24319 17764
0.0 02d24319 17760
0.0 02d24319 17756
0.0 02d24319 17754
0.0 02d24319 17746
0.0 02d24319 17741
0.0 02d24319 17739
0.0 02d24319 17738
0.0 02d24319 17730
0.0 02d24319 17729
0.0 02d24319 17726
0.0 02d24319 17718
0.0 02d24319 17714
0.0 02d24319 17710
0.0 02d24319 17709
0.0 02d24319 17707
0.0 02d24319 17706
0.0 02d24319 17705
0.0 02d24319 17692
0.0 02d24319 17690
0.0 02d24319 17686
0.0 02d24319 17678
0.0 02d24319 17677
0.0 02d24319 17676
0.0 02d24319 17674
0.0 02d24319 17673
0.0 02d24319 17668
0.0 02d24319 17651
0.0 02d24319 17650
0.0 02d24319 17646
0.0 02d24319 17643
0.0 02d24319 17642
0.0 02d24319 17632
0.0 02d24319 17630
0.0 02d24319 17628
0.0 02d24319 17619
0.0 02d24319 17608
0.0 02d24319 17607
0.0 02d24319 17599
0.0 02d24319 17598
0.0 02d24319 17595
0.0 02d24319 17591
0.0 02d24319 17589
0.0 02d24319 17582
0.0 02d24319 17581
0.0 02d24319 17575
0.0 02d24319 17565
0.0 02d24319 17562
0.0 02d24319 17554
0.0 02d24319 17553
0.0 02d24319 17547
0.0 02d24319 17538
0.0 02d24319 17515
0.0 02d24319 17514
0.0 02d24319 17507
0.0 02d24319 17504
0.0 02d24319 17498
0.0 02d24319 17497
0.0 02d24319 17492
0.0 02d24319 17491
0.0 02d24319 17487
0.0 02d24319 17486
0.0 02d24319 17481
0.0 02d24319 17478
0.0 02d24319 17471
0.0 02d24319 17461
0.0 02d24319 17459
0.0 02d24319 17448
0.0 02d24319 17443
0.0 02d24319 17439
0.0 02d24319 17429
0.0 02d24319 17425
0.0 02d24319 17421
0.0 02d24319 17418
0.0 02d24319 17417
0.0 02d24319 17415
0.0 02d24319 17413
0.0 02d24319 17411
0.0 02d24319 17404
0.0 02d24319 17401
0.0 02d24319 17400
0.0 02d24319 17399
0.0 02d24319 17398
0.0 02d24319 17396
0.0 02d24319 17395
0.0 02d24319 17376
0.0 02d24319 17368
0.0 02d24319 17365
0.0 02d24319 17357
0.0 02d24319 17345
0.0 02d24319 17331
0.0 02d24319 17329
0.0 02d24319 17327
0.0 02d24319 17324
0.0 02d24319 17322
0.0 02d24319 17318
0.0 02d24319 17317
0.0 02d24319 17311
0.0 02d24319 17310
0.0 02d24319 17308
0.0 02d24319 17305
0.0 02d24319 17304
0.0 02d24319 17302
0.0 02d24319 17297
0.0 02d24319 17295
0.0 02d24319 17294
0.0 02d24319 17293
0.0 02d24319 17287
0.0 02d24319 17280
0.0 02d24319 17279
0.0 02d24319 17263
0.0 02d24319 17254
0.0 02d24319 17250
0.0 02d24319 17240
0.0 02d24319 17238
0.0 02d24319 17236
0.0 02d24319 17234
0.0 02d24319 17231
0.0 02d24319 17230
0.0 02d24319 17226
0.0 02d24319 17225
0.0 02d24319 17222
0.0 02d24319 17219
0.0 02d24319 17215
0.0 02d24319 17211
0.0 02d24319 17209
0.0 02d24319 17205
0.0 02d24319 17204
0.0 02d24319 17202
0.0 02d24319 17200
0.0 02d24319 17190
0.0 02d24319 17183
0.0 02d24319 17181
0.0 02d24319 17176
0.0 02d24319 17175
0.0 02d24319 17168
0.0 02d24319 17164
0.0 02d24319 17158
0.0 02d24319 17155
0.0 02d24319 17154
0.0 02d24319 17150
0.0 02d24319 17136
0.0 02d24319 17133
0.0 02d24319 17128
0.0 02d24319 17124
0.0 02d24319 17123
0.0 02d24319 17118
0.0 02d24319 17113
0.0 02d24319 17110
0.0 02d24319 17106
0.0 02d24319 17100
0.0 02d24319 17080
0.0 02d24319 17074
0.0 02d24319 17066
0.0 02d24319 17065
0.0 02d24319 17041
0.0 02d24319 17033
0.0 02d24319 17032
0.0 02d24319 17031
0.0 02d24319 17030
0.0 02d24319 17029
0.0 02d24319 17028
0.0 02d24319 17027
0.0 02d24319 17016
0.0 02d24319 17007
0.0 02d24319 17005
0.0 02d24319 16983
0.0 02d24319 16976
0.0 02d24319 16975
0.0 02d24319 16974
0.0 02d24319 16969
0.0 02d24319 16963
0.0 02d24319 16962
0.0 02d24319 16957
0.0 02d24319 16955
0.0 02d24319 16951
0.0 02d24319 16948
0.0 02d24319 16944
0.0 02d24319 16943
0.0 02d24319 16942
0.0 02d24319 16931
0.0 02d24319 16924
0.0 02d24319 16922
0.0 02d24319 16917
0.0 02d24319 16913
0.0 02d24319 16911
0.0 02d24319 16904
0.0 02d24319 16900
0.0 02d24319 16892
0.0 02d24319 16889
0.0 02d24319 16883
0.0 02d24319 16875
0.0 02d24319 16866
0.0 02d24319 16865
0.0 02d24319 16838
0.0 02d24319 16836
0.0 02d24319 16833
0.0 02d24319 16822
0.0 02d24319 16818
0.0 02d24319 16813
0.0 02d24319 16806
0.0 02d24319 16804
0.0 02d24319 16793
0.0 02d24319 16792
0.0 02d24319 16789
0.0 02d24319 16783
0.0 02d24319 16775
0.0 02d24319 16774
0.0 02d24319 16770
0.0 02d24319 16768
0.0 02d24319 16767
0.0 02d24319 16764
0.0 02d24319 16756
0.0 02d24319 16747
0.0 02d24319 16744
0.0 02d24319 16741
0.0 02d24319 16722
0.0 02d24319 16716
0.0 02d24319 16714
0.0 02d24319 16709
0.0 02d24319 16705
0.0 02d24319 16703
0.0 02d24319 16693
0.0 02d24319 16688
0.0 02d24319 16686
0.0 02d24319 16680
0.0 02d24319 16658
0.0 02d24319 16636
0.0 02d24319 16608
0.0 02d24319 16600
0.0 02d24319 16593
0.0 02d24319 16592
0.0 02d24319 16591
0.0 02d24319 16587
0.0 02d24319 16586
0.0 02d24319 16578
0.0 02d24319 16569
0.0 02d24319 16568
0.0 02d24319 16567
0.0 02d24319 16563
0.0 02d24319 16561
0.0 02d24319 16558
0.0 02d24319 16557
0.0 02d24319 16532
0.0 02d24319 16521
0.0 02d24319 16518
0.0 02d24319 16515
0.0 02d24319 16513
0.0 02d24319 16503
0.0 02d24319 16497
0.0 02d24319 16495
0.0 02d24319 16483
0.0 02d24319 16481
0.0 02d24319 16477
0.0 02d24319 16466
0.0 02d24319 16461
0.0 02d24319 16444
0.0 02d24319 16443
0.0 02d24319 16441
0.0 02d24319 16433
0.0 02d24319 16423
0.0 02d24319 16422
0.0 02d24319 16420
0.0 02d24319 16418
0.0 02d24319 16417
0.0 02d24319 16409
0.0 02d24319 16396
0.0 02d24319 16395
0.0 02d24319 16385
0.0 02d24319 16384
0.0 02d24319 16383
0.0 02d24319 16382
0.0 02d24319 16381
0.0 02d24319 16378
0.0 02d24319 16375
0.0 02d24319 16367
0.0 02d24319 16344
0.0 02d24319 16318
0.0 02d24319 16311
0.0 02d24319 16309
0.0 02d24319 16275
0.0 02d24319 16268
0.0 02d24319 16252
0.0 02d24319 16251
0.0 02d24319 16240
0.0 02d24319 16227
0.0 02d24319 16225
0.0 02d24319 16217
0.0 02d24319 16216
0.0 02d24319 16215
0.0 02d24319 16212
0.0 02d24319 16210
0.0 02d24319 16209
0.0 02d24319 16201
0.0 02d24319 16199
0.0 02d24319 16175
0.0 02d24319 16174
0.0 02d24319 16145
0.0 02d24319 16135
0.0 02d24319 16130
0.0 02d24319 16122
0.0 02d24319 16120
0.0 02d24319 16119
0.0 02d24319 16078
0.0 02d24319 16077
0.0 02d24319 16076
0.0 02d24319 16074
0.0 02d24319 16069
0.0 02d24319 16068
0.0 02d24319 16050
0.0 02d24319 16033
0.0 02d24319 16029
0.0 02d24319 16021
0.0 02d24319 16019
0.0 02d24319 16016
0.0 02d24319 16002
0.0 02d24319 15985
0.0 02d24319 15949
0.0 02d24319 15942
0.0 02d24319 15939
0.0 02d24319 15938
0.0 02d24319 15935
0.0 02d24319 15934
0.0 02d24319 15924
0.0 02d24319 15911
0.0 02d24319 15908
0.0 02d24319 15903
0.0 02d24319 15892
0.0 02d24319 15886
0.0 02d24319 15881
0.0 02d24319 15879
0.0 02d24319 15874
0.0 02d24319 15871
0.0 02d24319 15870
0.0 02d24319 15836
0.0 02d24319 15828
0.0 02d24319 15827
0.0 02d24319 15812
0.0 02d24319 15803
0.0 02d24319 15764
0.0 02d24319 15656
0.0 02d24319 15575
0.0 02d24319 15566
0.0 02d24319 15521
0.0 02d24319 15520
0.0 02d24319 15518
0.0 02d24319 15505
0.0 02d24319 15499
0.0 02d24319 15487
0.0 02d24319 15485
0.0 02d24319 15469
0.0 02d24319 15458
0.0 02d24319 15437
0.0 02d24319 15432
0.0 02d24319 15417
0.0 02d24319 15402
0.0 02d24319 15358
0.0 02d24319 15308
0.0 02d24319 15283
0.0 02d24319 15279
0.0 02d24319 15163
0.0 02d24319 15159
0.0 02d24319 15158
0.0 02d24319 15120
0.0 02d24319 15109
0.0 02d24319 15029
0.0 02d24319 14971
0.0 02d24319 14970
0.0 02d24319 14929
0.0 02d24319 14819
0.0 02d24319 14765
0.0 02d24319 14749
0.0 02d24319 14650
0.0 02d24319 14636
0.0 02d24319 14586
0.0 02d24319 14584
0.0 02d24319 14542
0.0 02d24319 14471
0.0 02d24319 14432
0.0 02d24319 14419
0.0 02d24319 14357
0.0 02d24319 14308
0.0 02d24319 14214
0.0 02d24319 14187
0.0 02d24319 14181
0.0 02d24319 14126
0.0 02d24319 14009
0.0 02d24319 13982
0.0 02d24319 13799
0.0 02d24319 13762
0.0 02d24319 13640
0.0 02d24319 13402
0.0 02d24319 13207
0.0 02d24319 13143
0.0 02d24319 13091
0.0 02d24319 13058
0.0 02d24319 12959
0.0 02d24319 12826
0.0 02d24319 12507
0.0 02d24319 12321
0.0 02d24319 12313
0.0 02d24319 12312
0.0 02d24319 12266
0.0 02d24319 12128
0.0 02d24319 12110
0.0 02d24319 11944
0.0 02d24319 11651
0.0 02d24319 11473
0.0 02d24319 11464
0.0 02d24319 10760
0.0 02d24319 10751
0.0 02d24319 10693
0.0 02d24319 10509
0.0 02d24319 10483
0.0 02d24319 10396
0.0 02d24319 10378
0.0 02d24319 10377
0.0 02d24319 10376
0.0 02d24319 9384
0.0 02d24319 7157

