0.2847348 97102853 19299
0.20250344 97102853 16279
0.19232999 97102853 17862
0.17792645 97102853 17460
0.17177165 97102853 18533
0.1592977 97102853 17808
0.14395131 97102853 17136
0.13986722 97102853 20556
0.13457423 97102853 19863
0.13107789 97102853 19960
0.12963592 97102853 14356
0.12956996 97102853 17461
0.1213564 97102853 18451
0.11917575 97102853 21007
0.11857896 97102853 15518
0.11857674 97102853 14647
0.11789349 97102853 21686
0.11624721 97102853 16002
0.11553835 97102853 20516
0.11278011 97102853 18609
0.112026855 97102853 21272
0.11088187 97102853 21576
0.1105255 97102853 22258
0.10963405 97102853 20629
0.10848033 97102853 19499
0.10715866 97102853 21858
0.104707494 97102853 21118
0.10396611 97102853 18793
0.10307224 97102853 20086
0.10307224 97102853 20086
0.10164591 97102853 20087
0.10164591 97102853 20087
0.100102514 97102853 17843
0.0994976 97102853 15120
0.097203575 97102853 22294
0.0960111 97102853 20085
0.095480345 97102853 21707
0.0946083 97102853 20786
0.09381041 97102853 21530
0.09331081 97102853 17769
0.09161739 97102853 20470
0.09147837 97102853 22288
0.09076029 97102853 19048
0.0900219 97102853 20581
0.089175545 97102853 18365
0.08762475 97102853 18622
0.08749251 97102853 12850
0.0870518 97102853 20824
0.08690721 97102853 20990
0.08652705 97102853 14582
0.08416742 97102853 20429
0.08293089 97102853 15358
0.08277211 97102853 22291
0.08173012 97102853 10816
0.0811339 97102853 20489
0.08093661 97102853 21908
0.07642137 97102853 18510
0.07637269 97102853 18876
0.07565233 97102853 20553
0.07535017 97102853 19836
0.074841104 97102853 17542
0.07406695 97102853 19981
0.07319071 97102853 22440
0.07252805 97102853 21934
0.07223521 97102853 19983
0.071664974 97102853 20762
0.07153466 97102853 19158
0.0712137 97102853 17943
0.07040264 97102853 21583
0.07016198 97102853 20967
0.070048794 97102853 15790
0.06968789 97102853 21884
0.06908089 97102853 19007
0.0687702 97102853 18701
0.06795517 97102853 20833
0.06774426 97102853 20160
0.06744406 97102853 22022
0.06730267 97102853 19872
0.067058876 97102853 18939
0.06688601 97102853 19278
0.066543065 97102853 20784
0.06635323 97102853 20832
0.06601831 97102853 17984
0.06586664 97102853 20654
0.065276965 97102853 15461
0.064762026 97102853 19429
0.06458901 97102853 21681
0.06401563 97102853 12266
0.06389533 97102853 18470
0.063649446 97102853 22074
0.06356302 97102853 16417
0.06339132 97102853 21019
0.06323579 97102853 16703
0.06281341 97102853 19622
0.06268662 97102853 19391
0.06248378 97102853 17848
0.062279552 97102853 17200
0.062076643 97102853 19009
0.062042132 97102853 22046
0.061759204 97102853 18545
0.06164999 97102853 17795
0.06162667 97102853 17787
0.061619513 97102853 17595
0.061142407 97102853 18480
0.06049709 97102853 16964
0.05972138 97102853 19923
0.059669733 97102853 20731
0.059325524 97102853 18247
0.058734924 97102853 17041
0.058461335 97102853 18922
0.057465665 97102853 20151
0.05699168 97102853 20455
0.056986284 97102853 17783
0.05694305 97102853 18847
0.056504272 97102853 13762
0.056404084 97102853 18318
0.056353994 97102853 14503
0.056220736 97102853 19287
0.056133732 97102853 21971
0.05611532 97102853 19866
0.055980172 97102853 20181
0.0559556 97102853 20208
0.055875793 97102853 22268
0.05557078 97102853 11210
0.055539884 97102853 18100
0.055116914 97102853 21945
0.054913647 97102853 19774
0.05479088 97102853 17621
0.05453571 97102853 17782
0.05449397 97102853 17155
0.05430043 97102853 20412
0.054250576 97102853 21959
0.054121863 97102853 20098
0.053908437 97102853 16991
0.053785406 97102853 17805
0.053756803 97102853 17726
0.052779797 97102853 20792
0.052745543 97102853 17972
0.052664157 97102853 18398
0.05251917 97102853 12330
0.05224164 97102853 16711
0.052220758 97102853 20107
0.05169649 97102853 19004
0.05118788 97102853 20737
0.051165245 97102853 18086
0.05090294 97102853 16972
0.050826125 97102853 16367
0.050673295 97102853 21933
0.0505556 97102853 19583
0.05043247 97102853 19598
0.05039309 97102853 21659
0.050390176 97102853 20385
0.04986862 97102853 21579
0.049840074 97102853 17760
0.049836185 97102853 21843
0.049757607 97102853 21798
0.04965134 97102853 16725
0.04957808 97102853 15308
0.04957308 97102853 21147
0.04953001 97102853 19739
0.0493385 97102853 20839
0.04931154 97102853 19547
0.049270827 97102853 21954
0.048959285 97102853 20387
0.048879288 97102853 20146
0.048804317 97102853 17295
0.048546508 97102853 18077
0.04810346 97102853 22254
0.047988217 97102853 22267
0.047948603 97102853 20222
0.047751673 97102853 21455
0.047577213 97102853 18875
0.04754945 97102853 20919
0.04746215 97102853 20046
0.04746059 97102853 17015
0.047438126 97102853 18673
0.047410335 97102853 20186
0.047371496 97102853 20558
0.04734864 97102853 16208
0.047224164 97102853 12110
0.04721574 97102853 17133
0.047119863 97102853 20554
0.046915736 97102853 17421
0.046686247 97102853 16362
0.04642812 97102853 21454
0.04630731 97102853 16634
0.046185978 97102853 19851
0.046144925 97102853 20204
0.04612514 97102853 19961
0.04599444 97102853 16316
0.045398634 97102853 22025
0.045285463 97102853 17400
0.04502591 97102853 18425
0.044965576 97102853 21981
0.04454927 97102853 18918
0.044516515 97102853 18260
0.044316866 97102853 20632
0.04414323 97102853 20827
0.044075012 97102853 17842
0.0440293 97102853 18380
0.04395494 97102853 21298
0.043904558 97102853 20147
0.04371319 97102853 19998
0.04354178 97102853 17145
0.043516863 97102853 18995
0.043320358 97102853 18524
0.043126505 97102853 16624
0.04295058 97102853 17692
0.042918712 97102853 15913
0.042774156 97102853 18996
0.042617608 97102853 16375
0.042260904 97102853 19694
0.042175114 97102853 17986
0.04213638 97102853 21524
0.04195574 97102853 20093
0.041729625 97102853 11489
0.04172796 97102853 17582
0.041488133 97102853 16315
0.041469768 97102853 18967
0.041343145 97102853 17973
0.041253235 97102853 20405
0.04098253 97102853 17709
0.040966157 97102853 19301
0.040576752 97102853 18997
0.04049334 97102853 18320
0.040472127 97102853 21562
0.040192965 97102853 20175
0.04015269 97102853 18512
0.040117096 97102853 19681
0.040084165 97102853 21533
0.039824188 97102853 17857
0.039750587 97102853 17865
0.03964246 97102853 21902
0.039639093 97102853 16344
0.039569747 97102853 19393
0.03956628 97102853 14214
0.039420523 97102853 15796
0.039336476 97102853 19651
0.038876332 97102853 21578
0.038677573 97102853 16915
0.03863088 97102853 21412
0.038573712 97102853 19850
0.038433146 97102853 18282
0.03827829 97102853 19505
0.038236577 97102853 18250
0.038219288 97102853 20536
0.038219288 97102853 20273
0.038148027 97102853 20251
0.037620462 97102853 16396
0.037518576 97102853 21509
0.03747611 97102853 17873
0.037382163 97102853 19735
0.03732545 97102853 19407
0.037249904 97102853 18905
0.037188686 97102853 20148
0.037047084 97102853 17833
0.037023615 97102853 21780
0.036998454 97102853 14388
0.03685127 97102853 19347
0.036668245 97102853 21013
0.036308624 97102853 17389
0.036308624 97102853 16403
0.036198027 97102853 22039
0.0361849 97102853 20807
0.035895407 97102853 18199
0.03589192 97102853 15971
0.035547957 97102853 20770
0.035265636 97102853 17124
0.035230763 97102853 22079
0.035229623 97102853 21658
0.03522081 97102853 19516
0.03498634 97102853 19251
0.034957603 97102853 19166
0.034954745 97102853 20163
0.034858804 97102853 20001
0.03422348 97102853 19892
0.034169793 97102853 16423
0.034129918 97102853 20180
0.034122437 97102853 20585
0.034098655 97102853 16925
0.034086026 97102853 20213
0.03395455 97102853 16225
0.03384295 97102853 20979
0.033750966 97102853 18483
0.033610757 97102853 20503
0.033562098 97102853 16886
0.033508655 97102853 18462
0.03348589 97102853 20736
0.033351764 97102853 19292
0.033310823 97102853 19647
0.033300437 97102853 20586
0.03321216 97102853 20055
0.033161514 97102853 22008
0.032785326 97102853 20195
0.03274234 97102853 22253
0.03266647 97102853 20927
0.032631002 97102853 16051
0.032630295 97102853 20409
0.032579474 97102853 17746
0.032486815 97102853 20639
0.032482974 97102853 20564
0.032482974 97102853 20563
0.032482974 97102853 20562
0.032482974 97102853 20561
0.03227982 97102853 12457
0.0322626 97102853 16976
0.0322528 97102853 20587
0.032208294 97102853 20588
0.032144137 97102853 17571
0.03193438 97102853 21223
0.031862512 97102853 20893
0.031861782 97102853 16343
0.031756192 97102853 18739
0.03173119 97102853 17622
0.031661756 97102853 17668
0.03166036 97102853 16892
0.031598754 97102853 17821
0.031506952 97102853 18410
0.031498805 97102853 16608
0.031473156 97102853 13288
0.03141912 97102853 18581
0.03141247 97102853 17967
0.0312122 97102853 18293
0.031200329 97102853 21976
0.031134153 97102853 16209
0.031112898 97102853 17643
0.031110436 97102853 10541
0.031102493 97102853 15934
0.031059181 97102853 22361
0.030900301 97102853 19470
0.030783415 97102853 20250
0.030728037 97102853 19648
0.030633746 97102853 12871
0.030540016 97102853 19660
0.030526899 97102853 18520
0.03047669 97102853 21698
0.030449793 97102853 17754
0.030254498 97102853 16466
0.029939275 97102853 16442
0.029811421 97102853 20190
0.029767156 97102853 16875
0.029711384 97102853 15814
0.029661778 97102853 17710
0.029531112 97102853 16801
0.029348563 97102853 19386
0.029302655 97102853 19058
0.029298272 97102853 15848
0.029192585 97102853 21058
0.029090397 97102853 20892
0.02908386 97102853 14340
0.02906309 97102853 16515
0.028974568 97102853 18975
0.028972745 97102853 14713
0.028963026 97102853 18976
0.028910521 97102853 19501
0.028871613 97102853 18868
0.02886676 97102853 20157
0.0288597 97102853 14009
0.028804386 97102853 19959
0.028785972 97102853 17507
0.028593257 97102853 17082
0.028565697 97102853 16425
0.028551906 97102853 18576
0.028375382 97102853 19233
0.028362771 97102853 15340
0.028298255 97102853 21155
0.028253064 97102853 20194
0.028216872 97102853 17345
0.028031712 97102853 16391
0.027991608 97102853 19300
0.027991608 97102853 19300
0.027954765 97102853 19404
0.027943574 97102853 16336
0.02790341 97102853 20471
0.027741075 97102853 16512
0.02769122 97102853 17434
0.027684607 97102853 15879
0.027674079 97102853 18906
0.027639305 97102853 19367
0.027578808 97102853 12959
0.02728464 97102853 18990
0.02725542 97102853 20035
0.02706189 97102853 22163
0.027022341 97102853 20123
0.026919894 97102853 19366
0.026792973 97102853 18865
0.026783803 97102853 16508
0.026767373 97102853 20932
0.026472583 97102853 19427
0.026432646 97102853 20067
0.026279274 97102853 19935
0.026123405 97102853 20943
0.025903622 97102853 19820
0.025868937 97102853 16258
0.025834888 97102853 21501
0.02579038 97102853 20519
0.025789598 97102853 16061
0.025757411 97102853 20068
0.025722638 97102853 17489
0.02571544 97102853 20298
0.025645562 97102853 21675
0.025622968 97102853 17459
0.025610315 97102853 14856
0.02559736 97102853 19519
0.025579534 97102853 17598
0.025579534 97102853 17575
0.02555795 97102853 22384
0.025430229 97102853 12826
0.025329877 97102853 22423
0.025329877 97102853 22423
0.025299363 97102853 20316
0.025262408 97102853 14542
0.025254402 97102853 17176
0.02521815 97102853 14900
0.025166953 97102853 18892
0.025147956 97102853 20020
0.025146239 97102853 18647
0.025027905 97102853 17763
0.024974829 97102853 22411
0.024787568 97102853 16944
0.024753673 97102853 17601
0.024712149 97102853 11464
0.024656434 97102853 16192
0.02462713 97102853 19199
0.024616078 97102853 17673
0.024529366 97102853 18638
0.024479896 97102853 17222
0.024473501 97102853 20460
0.024445435 97102853 21452
0.024445435 97102853 21451
0.024237376 97102853 17756
0.02417377 97102853 21218
0.024140935 97102853 22036
0.024137434 97102853 16420
0.023898657 97102853 17110
0.023869846 97102853 19033
0.02373682 97102853 21474
0.023730353 97102853 15529
0.023691006 97102853 16050
0.023588805 97102853 20206
0.023422021 97102853 17623
0.02337363 97102853 16686
0.0232815 97102853 17025
0.023139523 97102853 19756
0.02311895 97102853 19843
0.023023192 97102853 21459
0.02291562 97102853 17730
0.022898255 97102853 18773
0.022892624 97102853 17310
0.02288669 97102853 17676
0.022879744 97102853 19240
0.02286151 97102853 19918
0.022841725 97102853 18573
0.022841725 97102853 18555
0.022725927 97102853 19241
0.022724455 97102853 16975
0.022684302 97102853 21515
0.022683097 97102853 20801
0.022656985 97102853 18552
0.022634521 97102853 17741
0.022597084 97102853 18699
0.022587951 97102853 16904
0.022575144 97102853 17626
0.022464616 97102853 19310
0.022419222 97102853 20484
0.022414805 97102853 19176
0.022405542 97102853 15057
0.022394171 97102853 18624
0.022394171 97102853 18595
0.022394171 97102853 18593
0.022394171 97102853 18592
0.022376452 97102853 19153
0.022370094 97102853 17168
0.022303352 97102853 19222
0.02223378 97102853 17491
0.02221004 97102853 16355
0.022205899 97102853 19920
0.022189572 97102853 20156
0.022177752 97102853 18062
0.022114558 97102853 21953
0.022044409 97102853 17868
0.022038158 97102853 18805
0.021984603 97102853 21300
0.021964971 97102853 17690
0.021922093 97102853 22060
0.021826167 97102853 15828
0.021750668 97102853 17599
0.021750173 97102853 16767
0.021735817 97102853 18093
0.021695571 97102853 16860
0.021672761 97102853 19901
0.021659404 97102853 19656
0.021635097 97102853 17739
0.02162244 97102853 17823
0.021589905 97102853 16838
0.021576967 97102853 20983
0.021553943 97102853 18275
0.02154857 97102853 10376
0.021533504 97102853 17651
0.021528881 97102853 16618
0.021527462 97102853 20401
0.021503506 97102853 21549
0.021470135 97102853 17738
0.021466654 97102853 19919
0.02140189 97102853 16659
0.021313984 97102853 14471
0.021232119 97102853 20447
0.021222997 97102853 21176
0.021177817 97102853 18684
0.021161193 97102853 22386
0.021085944 97102853 19317
0.021056848 97102853 15511
0.02105084 97102853 17788
0.020996287 97102853 22390
0.020983461 97102853 17026
0.020919982 97102853 17707
0.020900114 97102853 19211
0.020899547 97102853 19419
0.020805502 97102853 17628
0.020769758 97102853 16833
0.02074683 97102853 15283
0.020711845 97102853 17303
0.020710234 97102853 19517
0.020667743 97102853 17718
0.020519663 97102853 17898
0.020477634 97102853 14308
0.02032381 97102853 16340
0.02032381 97102853 16339
0.02032381 97102853 16337
0.02032381 97102853 16335
0.020284407 97102853 18499
0.020203836 97102853 18725
0.020201925 97102853 19624
0.020192854 97102853 19779
0.02007134 97102853 17592
0.020058006 97102853 16503
0.019901235 97102853 15999
0.01989469 97102853 10441
0.019828724 97102853 21661
0.01981506 97102853 18177
0.019792821 97102853 19205
0.019780029 97102853 17113
0.019774456 97102853 16756
0.019736053 97102853 17028
0.019706417 97102853 22334
0.019702522 97102853 15214
0.01959612 97102853 19603
0.019592848 97102853 22276
0.019588225 97102853 18709
0.01947651 97102853 18575
0.01942308 97102853 19274
0.019392032 97102853 20295
0.019362379 97102853 14749
0.01933421 97102853 16444
0.019294435 97102853 18514
0.019249294 97102853 19136
0.019237015 97102853 19815
0.019215873 97102853 19308
0.019157002 97102853 21404
0.019052194 97102853 17412
0.018870417 97102853 14844
0.01881895 97102853 19056
0.018704874 97102853 15417
0.018702835 97102853 17415
0.018590147 97102853 19874
0.018392367 97102853 17630
0.018383825 97102853 18924
0.018332584 97102853 18323
0.018330026 97102853 18056
0.018296428 97102853 16518
0.018236639 97102853 18731
0.018236639 97102853 18730
0.018198606 97102853 21497
0.018123671 97102853 16682
0.018086163 97102853 21505
0.018033337 97102853 17175
0.018019669 97102853 17674
0.017991073 97102853 16077
0.017947003 97102853 17553
0.017913073 97102853 19990
0.017873308 97102853 17413
0.017823484 97102853 17606
0.017813446 97102853 17565
0.017800454 97102853 17729
0.017792718 97102853 18153
0.017772602 97102853 18074
0.017721046 97102853 13207
0.017715566 97102853 21915
0.017686164 97102853 22368
0.017629433 97102853 18758
0.017610371 97102853 19483
0.017427143 97102853 17538
0.017338974 97102853 21551
0.017315563 97102853 17642
0.017277583 97102853 16309
0.017268868 97102853 19743
0.017268868 97102853 19743
0.01726296 97102853 21689
0.017150098 97102853 19576
0.01712325 97102853 16603
0.017120436 97102853 20226
0.017063495 97102853 20638
0.016949011 97102853 18774
0.016941004 97102853 18057
0.016795773 97102853 17514
0.016777284 97102853 18626
0.016765695 97102853 19093
0.016665382 97102853 18628
0.016665382 97102853 18627
0.01659697 97102853 19090
0.016543858 97102853 21550
0.016499568 97102853 15854
0.016445901 97102853 22075
0.016356556 97102853 18458
0.016333185 97102853 17370
0.016295899 97102853 19348
0.016262412 97102853 21255
0.016248109 97102853 22237
0.016242072 97102853 17007
0.016215377 97102853 17376
0.016145635 97102853 21587
0.016135572 97102853 19602
0.016109219 97102853 18651
0.016083837 97102853 18605
0.016069246 97102853 16531
0.01605787 97102853 18143
0.016032506 97102853 17056
0.015936498 97102853 21706
0.015857046 97102853 13468
0.015846316 97102853 18147
0.015758649 97102853 19433
0.015701657 97102853 15608
0.015692785 97102853 22011
0.015668977 97102853 22350
0.0155794155 97102853 22006
0.01552896 97102853 15469
0.015459807 97102853 22185
0.01545656 97102853 15505
0.01533048 97102853 10396
0.015266258 97102853 15108
0.015204913 97102853 22055
0.015081015 97102853 20458
0.015005081 97102853 14181
0.014885999 97102853 20076
0.0148795005 97102853 20010
0.014877605 97102853 16253
0.014858899 97102853 17677
0.014787747 97102853 18856
0.014787433 97102853 20628
0.014777356 97102853 21145
0.014772084 97102853 17318
0.014614807 97102853 18241
0.014614807 97102853 18241
0.0146139935 97102853 20441
0.014596266 97102853 17019
0.0145813525 97102853 22211
0.014561821 97102853 20637
0.0145401 97102853 19441
0.014463741 97102853 14699
0.014399166 97102853 19314
0.014378525 97102853 21842
0.014373744 97102853 18296
0.014371987 97102853 16021
0.014275179 97102853 21186
0.014232513 97102853 21204
0.014231551 97102853 17541
0.014145438 97102853 16210
0.014055664 97102853 18852
0.014043599 97102853 20033
0.014041478 97102853 18180
0.014004703 97102853 19671
0.013999492 97102853 19697
0.013963822 97102853 21944
0.013961627 97102853 16980
0.013933303 97102853 21989
0.01384596 97102853 21216
0.013663723 97102853 13926
0.013618284 97102853 17884
0.013591215 97102853 20890
0.01358946 97102853 13054
0.013578118 97102853 18697
0.013530869 97102853 18081
0.013509422 97102853 21982
0.013478108 97102853 19511
0.013422644 97102853 19400
0.01341722 97102853 19799
0.013401561 97102853 18717
0.013338418 97102853 18417
0.013329143 97102853 18373
0.013325822 97102853 18808
0.013291819 97102853 17581
0.013246349 97102853 20547
0.013225341 97102853 13402
0.013193247 97102853 19937
0.01315059 97102853 19585
0.01311955 97102853 13359
0.012983356 97102853 14678
0.012890557 97102853 22432
0.012873339 97102853 20235
0.012775902 97102853 20842
0.012736708 97102853 17418
0.012732179 97102853 22243
0.012561573 97102853 14650
0.012555061 97102853 18337
0.012551598 97102853 22301
0.012527725 97102853 20127
0.012489058 97102853 18920
0.012487792 97102853 22240
0.012369942 97102853 16443
0.01236642 97102853 17215
0.012363039 97102853 18722
0.012325805 97102853 16308
0.012321301 97102853 21189
0.01226929 97102853 18481
0.012219944 97102853 17678
0.012194197 97102853 19515
0.012159977 97102853 21181
0.01212455 97102853 21284
0.012121778 97102853 17112
0.011996452 97102853 18928
0.011990534 97102853 15910
0.011921142 97102853 18006
0.011816001 97102853 21512
0.011777226 97102853 22150
0.011750796 97102853 17765
0.011741813 97102853 22278
0.011598255 97102853 21921
0.011596575 97102853 17066
0.011587543 97102853 17118
0.011579484 97102853 20244
0.011539089 97102853 15432
0.011525918 97102853 16526
0.011512781 97102853 16291
0.011504493 97102853 17320
0.011496847 97102853 19285
0.011487993 97102853 17034
0.0114279725 97102853 17706
0.011408471 97102853 16645
0.011400249 97102853 14630
0.011370948 97102853 17027
0.01132926 97102853 22007
0.011327644 97102853 17785
0.011322908 97102853 21839
0.011305516 97102853 20848
0.011277725 97102853 18702
0.011236781 97102853 19654
0.011200473 97102853 20662
0.011137492 97102853 18523
0.011111111 97102853 15881
0.01107556 97102853 18202
0.010929042 97102853 20543
0.010925721 97102853 20799
0.010883936 97102853 18858
0.010861242 97102853 18136
0.010821408 97102853 20651
0.010817972 97102853 20121
0.010810475 97102853 22434
0.01072789 97102853 19883
0.010657028 97102853 21411
0.010630771 97102853 18467
0.010592981 97102853 19731
0.010558786 97102853 16793
0.01055463 97102853 20949
0.010431495 97102853 22082
0.0102833025 97102853 22102
0.010270766 97102853 20196
0.01026603 97102853 17248
0.010208496 97102853 12845
0.01020711 97102853 17249
0.010172529 97102853 17294
0.010162244 97102853 20077
0.010116408 97102853 12305
0.010074379 97102853 19249
0.010041103 97102853 21311
0.010028139 97102853 15458
0.010027815 97102853 16395
0.009992247 97102853 19440
0.009992247 97102853 18347
0.009990532 97102853 18902
0.009981337 97102853 19528
0.009869004 97102853 20437
0.009861108 97102853 14126
0.009848246 97102853 15499
0.0098082675 97102853 14026
0.009744843 97102853 19940
0.009741425 97102853 14357
0.009737039 97102853 18591
0.0096744355 97102853 22392
0.0096291695 97102853 22281
0.009578086 97102853 17825
0.009549887 97102853 17029
0.009546918 97102853 17547
0.009520669 97102853 11257
0.009485921 97102853 19910
0.009441929 97102853 22438
0.009410801 97102853 21163
0.009371264 97102853 17279
0.00933696 97102853 19203
0.009325351 97102853 20005
0.009325351 97102853 19930
0.009325351 97102853 19359
0.009325351 97102853 18367
0.009325351 97102853 18109
0.009325351 97102853 18041
0.009294052 97102853 16887
0.009287598 97102853 19370
0.009287598 97102853 18614
0.009287598 97102853 17920
0.009287598 97102853 16199
0.00924196 97102853 22032
0.009227741 97102853 17171
0.009211896 97102853 16120
0.009193861 97102853 15908
0.009169196 97102853 18862
0.00913434 97102853 19751
0.009084105 97102853 18254
0.009076127 97102853 22077
0.009076127 97102853 21107
0.009076127 97102853 20880
0.009076127 97102853 19678
0.009076127 97102853 19464
0.009076127 97102853 18671
0.009076127 97102853 18641
0.009076127 97102853 18429
0.009076127 97102853 18424
0.009076127 97102853 18400
0.009076127 97102853 18399
0.009076127 97102853 18397
0.009076127 97102853 18381
0.009076127 97102853 18369
0.009076127 97102853 18096
0.009076127 97102853 17850
0.009076127 97102853 17845
0.009076127 97102853 17280
0.009076127 97102853 17202
0.009076127 97102853 16963
0.009076127 97102853 16768
0.009076127 97102853 16680
0.009076127 97102853 16385
0.009076127 97102853 16384
0.009076127 97102853 16382
0.009076127 97102853 16381
0.009041308 97102853 21978
0.009041308 97102853 20994
0.009041308 97102853 20306
0.009041308 97102853 19954
0.009041308 97102853 19839
0.009041308 97102853 19255
0.009041308 97102853 19081
0.009041308 97102853 18666
0.009041308 97102853 18284
0.009041308 97102853 18129
0.009041308 97102853 17980
0.009041308 97102853 17899
0.009041308 97102853 17650
0.009041308 97102853 16217
0.009041308 97102853 15159
0.0090262275 97102853 17478
0.009009972 97102853 15938
0.009003124 97102853 18161
0.008986276 97102853 18541
0.008970889 97102853 15520
0.008962845 97102853 16714
0.0089564705 97102853 20557
0.008955148 97102853 20829
0.008955148 97102853 20797
0.008951584 97102853 21764
0.008885708 97102853 13968
0.008831384 97102853 19021
0.008831384 97102853 18251
0.008764898 97102853 17443
0.008759636 97102853 15521
0.008756867 97102853 18079
0.00871285 97102853 22019
0.008708173 97102853 18019
0.008683 97102853 15109
0.008669537 97102853 18206
0.008628983 97102853 20440
0.008612641 97102853 16734
0.008586514 97102853 21726
0.008547281 97102853 19406
0.008546428 97102853 21379
0.008531911 97102853 16469
0.0085179275 97102853 22081
0.008374168 97102853 18142
0.008362696 97102853 19072
0.008303215 97102853 17828
0.008290756 97102853 16842
0.008277381 97102853 17331
0.008266014 97102853 18204
0.008244285 97102853 20442
0.008237627 97102853 13058
0.008186306 97102853 21725
0.008180755 97102853 16911
0.008180464 97102853 19481
0.008158401 97102853 20957
0.0081518795 97102853 17234
0.008130509 97102853 15870
0.00813029 97102853 22154
0.00810969 97102853 19926
0.0081036445 97102853 8835
0.00806373 97102853 15874
0.008053701 97102853 19327
0.0080103995 97102853 21167
0.007969114 97102853 16764
0.007942411 97102853 22134
0.007928276 97102853 21261
0.007899773 97102853 17917
0.007869403 97102853 19182
0.007868461 97102853 21188
0.007846635 97102853 16561
0.007845464 97102853 13799
0.00782802 97102853 18154
0.00782802 97102853 16636
0.007814636 97102853 20137
0.0077746185 97102853 19781
0.0077709183 97102853 17925
0.0077513726 97102853 21173
0.0077325525 97102853 15911
0.007716588 97102853 20245
0.0076894495 97102853 16532
0.0076297508 97102853 18674
0.0076257167 97102853 21274
0.0076153167 97102853 17607
0.007582991 97102853 18283
0.007577154 97102853 18836
0.00757594 97102853 17240
0.0075320564 97102853 16931
0.0075256513 97102853 22293
0.0074973926 97102853 18615
0.007489594 97102853 19811
0.007456297 97102853 16865
0.00744123 97102853 17632
0.0074197394 97102853 18507
0.0074124476 97102853 17317
0.007408731 97102853 19688
0.0073789963 97102853 20191
0.0073473486 97102853 22094
0.00728249 97102853 17705
0.0072622467 97102853 19392
0.0072552543 97102853 16913
0.007251217 97102853 16289
0.0072443243 97102853 18446
0.0072117224 97102853 17231
0.0071956245 97102853 19957
0.0071942946 97102853 21295
0.0071869204 97102853 21713
0.0071855457 97102853 15575
0.007175411 97102853 18842
0.007175411 97102853 18841
0.0071539464 97102853 19675
0.007141663 97102853 18080
0.00713438 97102853 18629
0.007124084 97102853 19841
0.007112589 97102853 21117
0.0071009947 97102853 18395
0.007100373 97102853 20312
0.0070934175 97102853 19044
0.0070909504 97102853 21177
0.0070274193 97102853 22115
0.006995898 97102853 21517
0.0069953566 97102853 17901
0.0069919196 97102853 19117
0.0069645783 97102853 19320
0.00694668 97102853 16775
0.0069406517 97102853 17481
0.0068243816 97102853 19859
0.0068197935 97102853 21897
0.0067934026 97102853 21006
0.006788689 97102853 18453
0.006779018 97102853 18737
0.006778212 97102853 17646
0.006755263 97102853 17997
0.006704379 97102853 21603
0.006701718 97102853 14432
0.0067001674 97102853 16145
0.006696785 97102853 16495
0.006678527 97102853 15836
0.006676641 97102853 19950
0.006673046 97102853 15656
0.006640655 97102853 19965
0.006640655 97102853 19965
0.006591574 97102853 20869
0.0065880124 97102853 17186
0.006579877 97102853 16119
0.0065382794 97102853 18188
0.0064993273 97102853 20052
0.0064933086 97102853 22397
0.0064748675 97102853 19686
0.006421911 97102853 19134
0.0064198626 97102853 16983
0.006407864 97102853 21621
0.006406201 97102853 21109
0.006403095 97102853 18646
0.0063852356 97102853 22111
0.006371076 97102853 20028
0.0063375966 97102853 21844
0.00633723 97102853 17487
0.006263498 97102853 18670
0.0062360847 97102853 18929
0.0062340815 97102853 21333
0.0062159505 97102853 17154
0.006188253 97102853 19929
0.006187195 97102853 18213
0.006175312 97102853 21765
0.0061631305 97102853 18873
0.0061601284 97102853 21236
0.006147065 97102853 20369
0.006145587 97102853 16033
0.0061287507 97102853 17945
0.006126452 97102853 20209
0.0060940613 97102853 22127
0.0060677547 97102853 16658
0.0060472083 97102853 19322
0.0060362397 97102853 16820
0.006027835 97102853 18115
0.0060203 97102853 18416
0.0059948787 97102853 20930
0.0059911655 97102853 19311
0.00597529 97102853 22214
0.005958476 97102853 16383
0.0059141223 97102853 17471
0.0058876807 97102853 17902
0.005886702 97102853 17653
0.0058843354 97102853 18069
0.0058843354 97102853 18069
0.0058426745 97102853 18794
0.005833516 97102853 16722
0.0058181966 97102853 17546
0.0058126966 97102853 20830
0.0058033564 97102853 16648
0.005801006 97102853 20759
0.00579303 97102853 22027
0.00579303 97102853 22026
0.0057400316 97102853 18368
0.005724296 97102853 18496
0.0056908866 97102853 17073
0.005689279 97102853 17417
0.0056707948 97102853 20257
0.0056514894 97102853 19480
0.0056325323 97102853 13143
0.005616496 97102853 16789
0.005536674 97102853 18178
0.005531867 97102853 18789
0.0055246404 97102853 18252
0.0054944525 97102853 16471
0.0054915077 97102853 16587
0.0054912115 97102853 18401
0.0054470473 97102853 21401
0.0054205 97102853 19446
0.0054109395 97102853 18050
0.0054109395 97102853 18033
0.005404637 97102853 16393
0.005395625 97102853 21219
0.0053835246 97102853 19736
0.0053593162 97102853 21697
0.0053558783 97102853 18926
0.0053322343 97102853 17150
0.005332163 97102853 16485
0.005315014 97102853 16821
0.005288591 97102853 20243
0.0052647386 97102853 10377
0.0052615353 97102853 16905
0.005260328 97102853 16502
0.0052325698 97102853 19536
0.0052239574 97102853 17368
0.0052226456 97102853 16473
0.0051750364 97102853 10378
0.0051624742 97102853 20871
0.0051429137 97102853 22198
0.0051117423 97102853 20734
0.005109844 97102853 17429
0.0051081507 97102853 19819
0.0050824075 97102853 18860
0.00508033 97102853 18469
0.005079786 97102853 19890
0.005041663 97102853 16074
0.005016206 97102853 19844
0.005013917 97102853 15487
0.005013917 97102853 15485
0.004995132 97102853 14765
0.0049881698 97102853 22282
0.004972306 97102853 20109
0.0049647423 97102853 22058
0.004936966 97102853 17838
0.004927955 97102853 18531
0.0048954794 97102853 15764
0.004859883 97102853 18891
0.0048472667 97102853 22061
0.0048413705 97102853 17100
0.0048292265 97102853 17395
0.0047613825 97102853 18913
0.00471003 97102853 17254
0.004696486 97102853 19269
0.0046543875 97102853 19394
0.004579402 97102853 15697
0.0045392397 97102853 19181
0.0045076353 97102853 16461
0.0044952165 97102853 17608
0.004463334 97102853 19762
0.004439259 97102853 20488
0.0043610125 97102853 19796
0.004358889 97102853 16174
0.0043386254 97102853 16822
0.0042474745 97102853 18258
0.0042142295 97102853 17497
0.004132798 97102853 16688
0.0041192407 97102853 20971
0.004116044 97102853 17698
0.0041090534 97102853 16292
0.0041067693 97102853 18832
0.0040970286 97102853 20454
0.004083189 97102853 19635
0.0040649134 97102853 18215
0.0040511354 97102853 19600
0.0040061753 97102853 17890
0.003995025 97102853 17001
0.003991152 97102853 17492
0.0039651226 97102853 20616
0.003963667 97102853 18198
0.0039347755 97102853 18366
0.003929768 97102853 12312
0.0039210236 97102853 21607
0.003899007 97102853 20514
0.003878483 97102853 22207
0.003878483 97102853 21866
0.0038606992 97102853 20537
0.0038584736 97102853 14970
0.0038574478 97102853 18371
0.0038540585 97102853 18747
0.0038525607 97102853 20708
0.0038525607 97102853 19606
0.0038525607 97102853 19453
0.0038525607 97102853 18362
0.0038525607 97102853 18269
0.0038525607 97102853 18052
0.0038525607 97102853 17591
0.0038525607 97102853 17498
0.0038525607 97102853 17411
0.0038525607 97102853 17181
0.0038525607 97102853 17065
0.0038525607 97102853 16215
0.0038525607 97102853 15566
0.003803237 97102853 18071
0.0037858698 97102853 19905
0.0037584156 97102853 21519
0.0036878374 97102853 17219
0.0036460962 97102853 15871
0.0036440801 97102853 14187
0.003636457 97102853 19282
0.003636457 97102853 18099
0.003636457 97102853 17981
0.0036197358 97102853 20449
0.003597898 97102853 16477
0.003567297 97102853 16378
0.0035561088 97102853 21676
0.003496865 97102853 13960
0.0034938024 97102853 19860
0.0034913444 97102853 21878
0.0034888838 97102853 20764
0.0034708602 97102853 19761
0.0034675652 97102853 18376
0.0034488463 97102853 19439
0.003435011 97102853 21197
0.003421311 97102853 20224
0.0033900884 97102853 18791
0.0033418296 97102853 20782
0.003287068 97102853 12128
0.0032826136 97102853 20183
0.0032664782 97102853 18812
0.0032500378 97102853 17442
0.0032187635 97102853 16705
0.0031355906 97102853 17791
0.0030679565 97102853 19700
0.0030629863 97102853 20406
0.0030271166 97102853 17032
0.0030147433 97102853 18211
0.0030147433 97102853 17859
0.0030147433 97102853 15949
0.002896021 97102853 16318
0.0028792003 97102853 18861
0.0028373585 97102853 16441
0.0028221882 97102853 15722
0.0028002027 97102853 17897
0.0028002027 97102853 17792
0.0028002027 97102853 17033
0.0028002027 97102853 17031
0.0028002027 97102853 16943
0.0028002027 97102853 16942
0.0028002027 97102853 16806
0.0028002027 97102853 16792
0.0028002027 97102853 16783
0.0027904 97102853 17554
0.0025656726 97102853 20173
0.0025289855 97102853 22066
0.0025242793 97102853 16252
0.0024909275 97102853 13749
0.0024214035 97102853 17074
0.002378602 97102853 18879
0.0023683144 97102853 18413
0.0023610936 97102853 19738
0.002327428 97102853 19390
0.00232464 97102853 18360
0.002296845 97102853 21683
0.002290224 97102853 19725
0.0022842374 97102853 19912
0.0022762876 97102853 20530
0.0022600787 97102853 17946
0.0022352773 97102853 11089
0.0022349975 97102853 19273
0.0022151184 97102853 18195
0.0022123249 97102853 18353
0.002211341 97102853 17954
0.0021881906 97102853 19473
0.0021857019 97102853 18357
0.0021556069 97102853 16813
0.0020905489 97102853 17205
0.002032859 97102853 17204
0.0019987987 97102853 18539
0.0019833709 97102853 18899
0.0019810938 97102853 17005
0.0019707053 97102853 18094
0.001965073 97102853 18587
0.0019591954 97102853 15827
0.0019178847 97102853 16889
0.0019038334 97102853 17308
0.0018787467 97102853 21183
0.0018562146 97102853 18103
0.0018562146 97102853 18103
0.0018537086 97102853 18633
0.0018537086 97102853 18632
0.0018478454 97102853 14019
0.0018408742 97102853 17016
0.0018215246 97102853 21818
0.0018061986 97102853 21586
0.001804095 97102853 16069
0.0018036419 97102853 18766
0.0017560301 97102853 17936
0.0017409313 97102853 18013
0.0017115643 97102853 16974
0.0016553756 97102853 19038
0.0016541863 97102853 18048
0.0015835495 97102853 19958
0.0015803558 97102853 16883
0.0015750658 97102853 19045
0.0015417617 97102853 16741
0.0015308668 97102853 18364
0.0014785742 97102853 17238
0.0014643833 97102853 18351
0.001456312 97102853 17080
0.0014405996 97102853 22347
0.0014010484 97102853 17448
0.001393826 97102853 16513
0.0013788277 97102853 18394
0.0013716195 97102853 20284
0.0013716195 97102853 20283
0.0013716195 97102853 20282
0.0013655922 97102853 18904
0.0013421216 97102853 16497
0.0013345757 97102853 21957
0.0013308816 97102853 19179
0.0013040068 97102853 18159
0.0012575773 97102853 19401
0.0012197024 97102853 21050
0.0011967325 97102853 22310
0.0011947406 97102853 19917
0.0011935832 97102853 19550
0.0011929309 97102853 16422
0.0011900638 97102853 18175
0.0011876365 97102853 21653
0.0011844169 97102853 19454
0.001165812 97102853 19816
0.0011141242 97102853 22103
0.001111405 97102853 20314
0.0010940236 97102853 17030
0.0010722594 97102853 20843
0.0010616381 97102853 16481
0.001026281 97102853 20521
0.0010213535 97102853 17486
0.0009438179 97102853 22284
0.000941458 97102853 19581
0.00094092183 97102853 19856
0.0009306607 97102853 18311
0.0008870211 97102853 19472
0.000853557 97102853 19342
0.0007826195 97102853 19525
0.0007784316 97102853 22210
0.0007669404 97102853 15029
0.00076287857 97102853 16600
0.00073281175 97102853 16135
0.0007315588 97102853 19818
0.00071946345 97102853 15886
0.0007159532 97102853 16029
0.0006900924 97102853 22410
0.0006737085 97102853 19030
0.0006640559 97102853 19352
0.0006617341 97102853 19361
0.0006221449 97102853 19729
0.00053936924 97102853 12313
0.00041567668 97102853 21040
0.0004000552 97102853 22331
0.00032251046 97102853 12507
0.0002921911 97102853 20904
0.0 97102853 22443
0.0 97102853 22436
0.0 97102853 22408
0.0 97102853 22355
0.0 97102853 22333
0.0 97102853 22323
0.0 97102853 22318
0.0 97102853 22272
0.0 97102853 22252
0.0 97102853 22247
0.0 97102853 22193
0.0 97102853 22183
0.0 97102853 22182
0.0 97102853 22179
0.0 97102853 22138
0.0 97102853 22108
0.0 97102853 22090
0.0 97102853 22088
0.0 97102853 22078
0.0 97102853 22038
0.0 97102853 22015
0.0 97102853 22005
0.0 97102853 21988
0.0 97102853 21973
0.0 97102853 21964
0.0 97102853 21962
0.0 97102853 21958
0.0 97102853 21939
0.0 97102853 21938
0.0 97102853 21917
0.0 97102853 21913
0.0 97102853 21895
0.0 97102853 21885
0.0 97102853 21877
0.0 97102853 21852
0.0 97102853 21821
0.0 97102853 21819
0.0 97102853 21814
0.0 97102853 21808
0.0 97102853 21796
0.0 97102853 21753
0.0 97102853 21749
0.0 97102853 21741
0.0 97102853 21723
0.0 97102853 21722
0.0 97102853 21690
0.0 97102853 21677
0.0 97102853 21641
0.0 97102853 21606
0.0 97102853 21539
0.0 97102853 21535
0.0 97102853 21513
0.0 97102853 21440
0.0 97102853 21384
0.0 97102853 21381
0.0 97102853 21378
0.0 97102853 21363
0.0 97102853 21349
0.0 97102853 21327
0.0 97102853 21312
0.0 97102853 21310
0.0 97102853 21307
0.0 97102853 21282
0.0 97102853 21244
0.0 97102853 21190
0.0 97102853 21178
0.0 97102853 21170
0.0 97102853 21168
0.0 97102853 21153
0.0 97102853 21151
0.0 97102853 21140
0.0 97102853 21131
0.0 97102853 21127
0.0 97102853 21125
0.0 97102853 21079
0.0 97102853 21066
0.0 97102853 21035
0.0 97102853 21010
0.0 97102853 20968
0.0 97102853 20929
0.0 97102853 20922
0.0 97102853 20900
0.0 97102853 20852
0.0 97102853 20810
0.0 97102853 20806
0.0 97102853 20790
0.0 97102853 20780
0.0 97102853 20751
0.0 97102853 20680
0.0 97102853 20669
0.0 97102853 20664
0.0 97102853 20624
0.0 97102853 20621
0.0 97102853 20620
0.0 97102853 20619
0.0 97102853 20615
0.0 97102853 20572
0.0 97102853 20528
0.0 97102853 20504
0.0 97102853 20501
0.0 97102853 20473
0.0 97102853 20457
0.0 97102853 20425
0.0 97102853 20386
0.0 97102853 20383
0.0 97102853 20378
0.0 97102853 20275
0.0 97102853 20254
0.0 97102853 20253
0.0 97102853 20252
0.0 97102853 20202
0.0 97102853 20201
0.0 97102853 20174
0.0 97102853 20139
0.0 97102853 20132
0.0 97102853 20034
0.0 97102853 20018
0.0 97102853 20013
0.0 97102853 19967
0.0 97102853 19904
0.0 97102853 19900
0.0 97102853 19875
0.0 97102853 19868
0.0 97102853 19865
0.0 97102853 19861
0.0 97102853 19833
0.0 97102853 19817
0.0 97102853 19785
0.0 97102853 19784
0.0 97102853 19760
0.0 97102853 19746
0.0 97102853 19695
0.0 97102853 19674
0.0 97102853 19668
0.0 97102853 19665
0.0 97102853 19652
0.0 97102853 19636
0.0 97102853 19632
0.0 97102853 19597
0.0 97102853 19548
0.0 97102853 19500
0.0 97102853 19450
0.0 97102853 19445
0.0 97102853 19421
0.0 97102853 19411
0.0 97102853 19398
0.0 97102853 19335
0.0 97102853 19332
0.0 97102853 19284
0.0 97102853 19277
0.0 97102853 19276
0.0 97102853 19275
0.0 97102853 19268
0.0 97102853 19237
0.0 97102853 19236
0.0 97102853 19234
0.0 97102853 19218
0.0 97102853 19216
0.0 97102853 19213
0.0 97102853 19201
0.0 97102853 19178
0.0 97102853 19164
0.0 97102853 19130
0.0 97102853 19049
0.0 97102853 19029
0.0 97102853 19023
0.0 97102853 19022
0.0 97102853 18942
0.0 97102853 18941
0.0 97102853 18907
0.0 97102853 18903
0.0 97102853 18881
0.0 97102853 18874
0.0 97102853 18848
0.0 97102853 18816
0.0 97102853 18803
0.0 97102853 18799
0.0 97102853 18779
0.0 97102853 18777
0.0 97102853 18719
0.0 97102853 18698
0.0 97102853 18679
0.0 97102853 18660
0.0 97102853 18657
0.0 97102853 18654
0.0 97102853 18634
0.0 97102853 18630
0.0 97102853 18554
0.0 97102853 18511
0.0 97102853 18503
0.0 97102853 18502
0.0 97102853 18494
0.0 97102853 18465
0.0 97102853 18444
0.0 97102853 18432
0.0 97102853 18370
0.0 97102853 18361
0.0 97102853 18331
0.0 97102853 18326
0.0 97102853 18305
0.0 97102853 18263
0.0 97102853 18236
0.0 97102853 18230
0.0 97102853 18190
0.0 97102853 18179
0.0 97102853 18151
0.0 97102853 18141
0.0 97102853 18127
0.0 97102853 18034
0.0 97102853 18011
0.0 97102853 17988
0.0 97102853 17975
0.0 97102853 17974
0.0 97102853 17935
0.0 97102853 17931
0.0 97102853 17919
0.0 97102853 17918
0.0 97102853 17912
0.0 97102853 17893
0.0 97102853 17892
0.0 97102853 17891
0.0 97102853 17872
0.0 97102853 17870
0.0 97102853 17812
0.0 97102853 17764
0.0 97102853 17714
0.0 97102853 17686
0.0 97102853 17619
0.0 97102853 17589
0.0 97102853 17562
0.0 97102853 17515
0.0 97102853 17504
0.0 97102853 17479
0.0 97102853 17439
0.0 97102853 17425
0.0 97102853 17404
0.0 97102853 17401
0.0 97102853 17399
0.0 97102853 17398
0.0 97102853 17396
0.0 97102853 17365
0.0 97102853 17357
0.0 97102853 17329
0.0 97102853 17327
0.0 97102853 17324
0.0 97102853 17322
0.0 97102853 17311
0.0 97102853 17305
0.0 97102853 17304
0.0 97102853 17302
0.0 97102853 17299
0.0 97102853 17297
0.0 97102853 17293
0.0 97102853 17287
0.0 97102853 17263
0.0 97102853 17250
0.0 97102853 17236
0.0 97102853 17230
0.0 97102853 17226
0.0 97102853 17225
0.0 97102853 17211
0.0 97102853 17209
0.0 97102853 17190
0.0 97102853 17183
0.0 97102853 17169
0.0 97102853 17165
0.0 97102853 17164
0.0 97102853 17158
0.0 97102853 17135
0.0 97102853 17128
0.0 97102853 17123
0.0 97102853 17106
0.0 97102853 17022
0.0 97102853 16969
0.0 97102853 16962
0.0 97102853 16957
0.0 97102853 16955
0.0 97102853 16951
0.0 97102853 16948
0.0 97102853 16924
0.0 97102853 16922
0.0 97102853 16917
0.0 97102853 16900
0.0 97102853 16866
0.0 97102853 16836
0.0 97102853 16818
0.0 97102853 16804
0.0 97102853 16774
0.0 97102853 16770
0.0 97102853 16751
0.0 97102853 16747
0.0 97102853 16744
0.0 97102853 16716
0.0 97102853 16709
0.0 97102853 16693
0.0 97102853 16640
0.0 97102853 16593
0.0 97102853 16592
0.0 97102853 16591
0.0 97102853 16586
0.0 97102853 16578
0.0 97102853 16569
0.0 97102853 16568
0.0 97102853 16567
0.0 97102853 16563
0.0 97102853 16558
0.0 97102853 16557
0.0 97102853 16524
0.0 97102853 16521
0.0 97102853 16483
0.0 97102853 16433
0.0 97102853 16418
0.0 97102853 16409
0.0 97102853 16311
0.0 97102853 16275
0.0 97102853 16268
0.0 97102853 16251
0.0 97102853 16240
0.0 97102853 16228
0.0 97102853 16227
0.0 97102853 16216
0.0 97102853 16212
0.0 97102853 16201
0.0 97102853 16175
0.0 97102853 16137
0.0 97102853 16130
0.0 97102853 16122
0.0 97102853 16078
0.0 97102853 16076
0.0 97102853 16068
0.0 97102853 16019
0.0 97102853 16016
0.0 97102853 15985
0.0 97102853 15942
0.0 97102853 15939
0.0 97102853 15935
0.0 97102853 15924
0.0 97102853 15903
0.0 97102853 15892
0.0 97102853 15812
0.0 97102853 15803
0.0 97102853 15437
0.0 97102853 15402
0.0 97102853 15279
0.0 97102853 15163
0.0 97102853 15158
0.0 97102853 14971
0.0 97102853 14929
0.0 97102853 14889
0.0 97102853 14819
0.0 97102853 14636
0.0 97102853 14586
0.0 97102853 14584
0.0 97102853 14419
0.0 97102853 13982
0.0 97102853 13756
0.0 97102853 13755
0.0 97102853 13640
0.0 97102853 13091
0.0 97102853 12321
0.0 97102853 11944
0.0 97102853 11651
0.0 97102853 11473
0.0 97102853 10760
0.0 97102853 10751
0.0 97102853 10693
0.0 97102853 10509
0.0 97102853 10483
0.0 97102853 9384
0.0 97102853 7157

