0.2606212 98845685 10509
0.25879088 98845685 22138
0.25879088 98845685 21913
0.20301585 98845685 18159
0.17005563 98845685 20121
0.1633011 98845685 20132
0.15515032 98845685 18799
0.14197673 98845685 18575
0.13800551 98845685 17709
0.12921336 98845685 17754
0.12822741 98845685 19136
0.124689914 98845685 18739
0.12195051 98845685 18458
0.121269405 98845685 22258
0.11881539 98845685 19273
0.11805953 98845685 16741
0.11751022 98845685 20316
0.11692892 98845685 22088
0.114894375 98845685 16137
0.11394627 98845685 19779
0.11019127 98845685 19240
0.10930195 98845685 13640
0.10908514 98845685 21118
0.106601946 98845685 22318
0.104933634 98845685 18673
0.10411001 98845685 16686
0.10292071 98845685 20770
0.101796225 98845685 15518
0.09798442 98845685 22210
0.09713462 98845685 18605
0.09538242 98845685 17668
0.09522535 98845685 17710
0.09519848 98845685 17133
0.094830215 98845685 18081
0.09289871 98845685 18483
0.09266746 98845685 21697
0.092292145 98845685 20780
0.092228025 98845685 19275
0.088058844 98845685 11651
0.08791026 98845685 20226
0.08512283 98845685 18533
0.08467744 98845685 20254
0.08467744 98845685 20252
0.08220817 98845685 19863
0.0822058 98845685 19519
0.08145939 98845685 12128
0.08140253 98845685 18922
0.081261605 98845685 16209
0.07884094 98845685 18258
0.07866876 98845685 17901
0.07826825 98845685 22411
0.077616215 98845685 15520
0.07707288 98845685 18077
0.07224884 98845685 17007
0.071220525 98845685 16513
0.070897214 98845685 19058
0.06922393 98845685 21753
0.068578586 98845685 16497
0.067537054 98845685 17155
0.06693317 98845685 17902
0.066796064 98845685 21512
0.06509904 98845685 14308
0.063538216 98845685 15511
0.063241094 98845685 18520
0.06318766 98845685 18368
0.062429287 98845685 21244
0.061376557 98845685 19528
0.061271243 98845685 19233
0.061218463 98845685 19516
0.061199717 98845685 15790
0.060710244 98845685 22036
0.058787048 98845685 18628
0.058787048 98845685 18627
0.058773607 98845685 17898
0.058676183 98845685 21933
0.058547795 98845685 17599
0.058038946 98845685 18651
0.05780024 98845685 18702
0.056290068 98845685 17581
0.056003623 98845685 17628
0.05517025 98845685 18573
0.05517025 98845685 18555
0.05483467 98845685 19472
0.05472403 98845685 18552
0.05466625 98845685 21706
0.054308765 98845685 22074
0.05411974 98845685 17606
0.05393573 98845685 20449
0.051960267 98845685 19292
0.051869668 98845685 14900
0.051781863 98845685 14889
0.051419094 98845685 19299
0.051022243 98845685 17843
0.050499514 98845685 17582
0.050424878 98845685 22163
0.050256703 98845685 20807
0.049835753 98845685 15163
0.049667645 98845685 18465
0.049215645 98845685 17460
0.049178924 98845685 15836
0.04871805 98845685 22278
0.048688825 98845685 14340
0.048356943 98845685 18624
0.048356943 98845685 18595
0.048356943 98845685 18593
0.048356943 98845685 18592
0.04829421 98845685 14749
0.047810256 98845685 15913
0.047672775 98845685 19021
0.047672775 98845685 18251
0.047632903 98845685 16892
0.047287133 98845685 17041
0.047133915 98845685 18417
0.04707273 98845685 8835
0.047021035 98845685 21153
0.046717837 98845685 17739
0.046278164 98845685 18967
0.046244007 98845685 21006
0.04622777 98845685 20662
0.045984168 98845685 15827
0.04544634 98845685 18758
0.045088127 98845685 19960
0.044628978 98845685 17718
0.044624336 98845685 16512
0.04442181 98845685 20556
0.04420077 98845685 20093
0.044164877 98845685 21921
0.044066776 98845685 15283
0.043986216 98845685 20919
0.043772615 98845685 22079
0.041996337 98845685 18793
0.04184275 98845685 21173
0.041175 98845685 16175
0.041142352 98845685 16913
0.041013166 98845685 21298
0.04094966 98845685 18832
0.040933512 98845685 21878
0.040740382 98845685 17746
0.0402513 98845685 18502
0.040064156 98845685 19400
0.039874382 98845685 16251
0.039757334 98845685 17738
0.039699435 98845685 17651
0.03964722 98845685 19517
0.039605998 98845685 15521
0.039561503 98845685 19890
0.039480988 98845685 21707
0.03943719 98845685 16308
0.03928402 98845685 16688
0.039278463 98845685 19483
0.039275475 98845685 19905
0.03925643 98845685 17946
0.03899733 98845685 20893
0.03881491 98845685 18373
0.037888646 98845685 16682
0.03788069 98845685 13756
0.03786357 98845685 15608
0.037744965 98845685 20175
0.037560236 98845685 19314
0.037533086 98845685 17030
0.03749907 98845685 18773
0.03745283 98845685 17015
0.037400853 98845685 17565
0.037396073 98845685 18398
0.037344623 98845685 16833
0.03722286 98845685 17705
0.03710067 98845685 17005
0.036979206 98845685 13058
0.036880825 98845685 21576
0.036797773 98845685 17571
0.036464557 98845685 18697
0.036355544 98845685 20762
0.03630088 98845685 18647
0.036229283 98845685 17730
0.036168233 98845685 16145
0.035916924 98845685 16889
0.035792317 98845685 21989
0.035669718 98845685 16751
0.035581145 98845685 19660
0.035262946 98845685 13755
0.035134215 98845685 19276
0.03505366 98845685 17124
0.03503706 98845685 17204
0.035036415 98845685 19815
0.034991093 98845685 14503
0.034935843 98845685 18057
0.034868535 98845685 15358
0.034764044 98845685 20447
0.034691047 98845685 16515
0.03462749 98845685 14542
0.034583364 98845685 20530
0.034527354 98845685 20107
0.03448409 98845685 20409
0.03441879 98845685 17838
0.034406014 98845685 21549
0.034182686 98845685 14026
0.033948053 98845685 20519
0.033906028 98845685 18638
0.033722058 98845685 19090
0.033716653 98845685 21125
0.03359595 98845685 17546
0.033530477 98845685 20068
0.03345086 98845685 22334
0.03331281 98845685 18524
0.03328602 98845685 16503
0.033253044 98845685 21236
0.032896407 98845685 22127
0.032776825 98845685 17678
0.032747906 98845685 17676
0.03262094 98845685 18699
0.032426834 98845685 14844
0.032325238 98845685 16801
0.032310992 98845685 19656
0.032223277 98845685 22390
0.03179478 98845685 18997
0.031711906 98845685 20516
0.031348623 98845685 21945
0.031299017 98845685 17176
0.031245237 98845685 18876
0.031204024 98845685 20581
0.031100992 98845685 16316
0.03095422 98845685 18990
0.03086046 98845685 21218
0.030503053 98845685 17865
0.03044033 98845685 19072
0.030392308 98845685 17967
0.0302666 98845685 21219
0.030186687 98845685 22237
0.03018491 98845685 21953
0.030119373 98845685 20180
0.030067693 98845685 17707
0.029995928 98845685 18062
0.029976064 98845685 17642
0.029940864 98845685 21958
0.029760255 98845685 21505
0.029751107 98845685 19445
0.029618777 98845685 17110
0.0295959 98845685 16883
0.029560195 98845685 17842
0.029510804 98845685 21962
0.029429972 98845685 17821
0.029419908 98845685 17653
0.029209461 98845685 19222
0.029182728 98845685 12850
0.028900973 98845685 16002
0.028850285 98845685 17785
0.02864489 98845685 21539
0.028562434 98845685 19322
0.028431956 98845685 20832
0.028207822 98845685 19917
0.028197592 98845685 21455
0.028052071 98845685 17741
0.027896576 98845685 20196
0.027809447 98845685 21524
0.027795522 98845685 16983
0.027724355 98845685 17168
0.027648814 98845685 16905
0.027558137 98845685 22408
0.02732985 98845685 20792
0.027220298 98845685 20736
0.027097413 98845685 12959
0.027059585 98845685 13359
0.027023524 98845685 17205
0.026995841 98845685 22253
0.026957402 98845685 20028
0.026642632 98845685 19872
0.026598237 98845685 22432
0.026574459 98845685 18006
0.026515692 98845685 12457
0.02639469 98845685 18480
0.026323237 98845685 20890
0.026310358 98845685 17412
0.02630982 98845685 17029
0.02623061 98845685 17145
0.026214855 98845685 16383
0.026212653 98845685 18250
0.026181404 98845685 18353
0.026090777 98845685 18808
0.026078181 98845685 18629
0.026043799 98845685 19386
0.025999047 98845685 16991
0.025825245 98845685 22361
0.025758825 98845685 17643
0.025259586 98845685 19446
0.025200263 98845685 21765
0.025178023 98845685 22240
0.025169604 98845685 15575
0.025089571 98845685 17398
0.024958335 98845685 21050
0.024903346 98845685 19648
0.02479531 98845685 21300
0.024651594 98845685 19818
0.024632558 98845685 20405
0.024514358 98845685 17113
0.024442738 98845685 18507
0.02425381 98845685 20123
0.024235092 98845685 18995
0.024216188 98845685 17413
0.024184939 98845685 20181
0.024124756 98845685 16624
0.02408347 98845685 16793
0.024022615 98845685 20243
0.023893055 98845685 22434
0.023812458 98845685 19367
0.023764653 98845685 16420
0.023722801 98845685 16076
0.02368945 98845685 21551
0.023687357 98845685 20786
0.023567308 98845685 15796
0.023432916 98845685 12321
0.023422388 98845685 20191
0.023289636 98845685 15910
0.02328036 98845685 19671
0.023127558 98845685 20206
0.023032667 98845685 17673
0.022958478 98845685 22291
0.022914913 98845685 16711
0.02288895 98845685 21897
0.022856032 98845685 20067
0.022741687 98845685 16962
0.02266501 98845685 20501
0.022546185 98845685 16442
0.022540048 98845685 22254
0.022481281 98845685 17729
0.022444762 98845685 19048
0.022410806 98845685 18812
0.022391183 98845685 16050
0.02238522 98845685 14630
0.0223496 98845685 17175
0.022328315 98845685 17028
0.022310618 98845685 21726
0.022194065 98845685 16253
0.022175306 98845685 18143
0.022168024 98845685 17421
0.022075456 98845685 16725
0.022065256 98845685 17782
0.022041079 98845685 17154
0.021988226 98845685 21454
0.021939501 98845685 17254
0.021880299 98845685 19681
0.021845218 98845685 17621
0.021761684 98845685 17805
0.021583924 98845685 10483
0.021443238 98845685 20979
0.02138061 98845685 19819
0.021370247 98845685 16051
0.021363363 98845685 20245
0.021358427 98845685 12330
0.021201482 98845685 16767
0.021118473 98845685 20160
0.021076776 98845685 22268
0.021005742 98845685 18774
0.02096262 98845685 12110
0.020876456 98845685 18622
0.020856751 98845685 19901
0.020715948 98845685 20157
0.02069848 98845685 17248
0.020667521 98845685 20547
0.020642713 98845685 18511
0.020579685 98845685 17249
0.020555612 98845685 16734
0.020554181 98845685 20458
0.020461656 98845685 12871
0.02044607 98845685 14009
0.020285644 98845685 20437
0.0200652 98845685 19937
0.020031884 98845685 14388
0.019871397 98845685 19774
0.019848729 98845685 18136
0.019840905 98845685 17626
0.019797534 98845685 18254
0.019640246 98845685 19603
0.019350035 98845685 17598
0.019350035 98845685 17575
0.019253878 98845685 17504
0.019250337 98845685 15881
0.0192365 98845685 20441
0.019197943 98845685 12305
0.01903382 98845685 18939
0.018943306 98845685 20737
0.01887365 98845685 20514
0.018846236 98845685 19525
0.018762864 98845685 18609
0.018750446 98845685 15214
0.018714074 98845685 21586
0.018686116 98845685 20536
0.018686116 98845685 20273
0.018454092 98845685 16764
0.018449586 98845685 16355
0.018285181 98845685 21689
0.018272225 98845685 19301
0.018267183 98845685 19499
0.018229583 98845685 16318
0.018080631 98845685 17538
0.017964551 98845685 20869
0.017929055 98845685 18177
0.017871533 98845685 17489
0.017777568 98845685 18416
0.017727071 98845685 20731
0.01768213 98845685 15999
0.017559439 98845685 17492
0.01751864 98845685 21189
0.01748252 98845685 19004
0.017339436 98845685 19919
0.017293159 98845685 20186
0.017255034 98845685 16279
0.017178455 98845685 17553
0.017121239 98845685 19743
0.017121239 98845685 19743
0.017061194 98845685 21216
0.017058078 98845685 19866
0.017055333 98845685 18071
0.016913682 98845685 21533
0.016907468 98845685 19918
0.016752308 98845685 19009
0.016735526 98845685 16292
0.016725186 98845685 22039
0.016703429 98845685 21282
0.016603945 98845685 20046
0.016603405 98845685 19600
0.016574979 98845685 16258
0.016507387 98845685 20151
0.016495042 98845685 16976
0.016473308 98845685 18323
0.016422601 98845685 19920
0.016395614 98845685 18198
0.01638589 98845685 18275
0.016338408 98845685 21675
0.016330916 98845685 20827
0.016255448 98845685 22055
0.016254952 98845685 19585
0.016226301 98845685 19178
0.016115421 98845685 21459
0.015990106 98845685 17074
0.015922856 98845685 18320
0.015761249 98845685 19961
0.015627617 98845685 18905
0.01561297 98845685 16964
0.015606603 98845685 20312
0.01555842 98845685 20250
0.015473037 98845685 20251
0.0154388305 98845685 21954
0.015419499 98845685 18326
0.015398609 98845685 18451
0.015396502 98845685 20298
0.015381693 98845685 20460
0.015314169 98845685 17434
0.015237771 98845685 21197
0.015236281 98845685 13799
0.015226844 98845685 19320
0.015216999 98845685 18576
0.015200059 98845685 20833
0.015191794 98845685 14126
0.015064226 98845685 17279
0.015006186 98845685 20183
0.014990421 98845685 20005
0.014990421 98845685 19930
0.014990421 98845685 19359
0.014990421 98845685 18367
0.014990421 98845685 18109
0.014990421 98845685 18041
0.014986316 98845685 19912
0.014982382 98845685 14699
0.014929733 98845685 19370
0.014929733 98845685 18614
0.014929733 98845685 17920
0.014929733 98845685 16199
0.0149255525 98845685 19440
0.0149255525 98845685 18347
0.014912822 98845685 17601
0.0149060385 98845685 18902
0.014867093 98845685 17756
0.014778781 98845685 19836
0.0147617785 98845685 14356
0.014760152 98845685 20190
0.014667848 98845685 19044
0.014660668 98845685 19883
0.014611428 98845685 19647
0.014589796 98845685 22077
0.014589796 98845685 21107
0.014589796 98845685 20880
0.014589796 98845685 19678
0.014589796 98845685 19464
0.014589796 98845685 18671
0.014589796 98845685 18641
0.014589796 98845685 18429
0.014589796 98845685 18424
0.014589796 98845685 18400
0.014589796 98845685 18399
0.014589796 98845685 18397
0.014589796 98845685 18381
0.014589796 98845685 18369
0.014589796 98845685 18096
0.014589796 98845685 17850
0.014589796 98845685 17845
0.014589796 98845685 17280
0.014589796 98845685 17202
0.014589796 98845685 16963
0.014589796 98845685 16768
0.014589796 98845685 16680
0.014589796 98845685 16385
0.014589796 98845685 16384
0.014589796 98845685 16382
0.014589796 98845685 16381
0.014533827 98845685 21978
0.014533827 98845685 20994
0.014533827 98845685 20306
0.014533827 98845685 19954
0.014533827 98845685 19839
0.014533827 98845685 19255
0.014533827 98845685 19081
0.014533827 98845685 18666
0.014533827 98845685 18284
0.014533827 98845685 18129
0.014533827 98845685 17980
0.014533827 98845685 17899
0.014533827 98845685 17650
0.014533827 98845685 16217
0.014533827 98845685 15159
0.014476647 98845685 20195
0.014434885 98845685 20369
0.014433741 98845685 17171
0.0143953245 98845685 20829
0.0143953245 98845685 20797
0.014388079 98845685 16336
0.014362774 98845685 15029
0.014344182 98845685 17034
0.014323478 98845685 21117
0.014298119 98845685 21204
0.014290626 98845685 18717
0.014257143 98845685 19940
0.014253989 98845685 17765
0.014212498 98845685 21562
0.014208909 98845685 18920
0.014089499 98845685 17443
0.014087334 98845685 20429
0.01400583 98845685 22019
0.013998314 98845685 18019
0.013990276 98845685 16634
0.013957847 98845685 15109
0.013937854 98845685 17082
0.013936205 98845685 18206
0.013900227 98845685 16975
0.013872511 98845685 16074
0.013845837 98845685 18469
0.013797982 98845685 18891
0.013770284 98845685 18199
0.013764833 98845685 15814
0.013763336 98845685 15656
0.013743546 98845685 17542
0.0137404855 98845685 15934
0.013739681 98845685 19406
0.0137310475 98845685 22082
0.013721626 98845685 17389
0.013721626 98845685 16403
0.013712308 98845685 18115
0.0136566255 98845685 13762
0.013644208 98845685 19760
0.013638945 98845685 13468
0.013576165 98845685 18178
0.013540551 98845685 14713
0.013535982 98845685 22102
0.013496301 98845685 19433
0.013469743 98845685 19249
0.013442752 98845685 18875
0.013395662 98845685 20564
0.013395662 98845685 20563
0.013395662 98845685 20562
0.013395662 98845685 20561
0.013373618 98845685 19654
0.013348984 98845685 17165
0.013347346 98845685 17828
0.01332979 98845685 19277
0.013297025 98845685 22423
0.013297025 98845685 22423
0.013229509 98845685 16747
0.0132099725 98845685 20163
0.013173714 98845685 20001
0.013134409 98845685 20554
0.013104203 98845685 14678
0.013084168 98845685 21583
0.013078478 98845685 16980
0.013007677 98845685 20801
0.012905147 98845685 20943
0.012726961 98845685 18180
0.012725012 98845685 20055
0.012720515 98845685 20209
0.012671399 98845685 14856
0.012652239 98845685 19199
0.012583474 98845685 18154
0.012583474 98845685 16636
0.012464052 98845685 21147
0.012460165 98845685 17825
0.012437411 98845685 16367
0.012430012 98845685 15911
0.012419362 98845685 19875
0.012369276 98845685 13960
0.012357609 98845685 21013
0.0123490635 98845685 19904
0.012316496 98845685 17791
0.012292726 98845685 18080
0.012241556 98845685 17607
0.012231575 98845685 19427
0.012206943 98845685 22207
0.012206943 98845685 21866
0.012189592 98845685 18283
0.012170628 98845685 17674
0.012142422 98845685 18499
0.0121280495 98845685 20156
0.012125355 98845685 20708
0.012125355 98845685 19606
0.012125355 98845685 19453
0.012125355 98845685 18362
0.012125355 98845685 18269
0.012125355 98845685 18052
0.012125355 98845685 17591
0.012125355 98845685 17498
0.012125355 98845685 17411
0.012125355 98845685 17181
0.012125355 98845685 17065
0.012125355 98845685 16215
0.012125355 98845685 15566
0.012107717 98845685 16931
0.012091076 98845685 18260
0.012085666 98845685 18996
0.012052493 98845685 19781
0.012051994 98845685 18615
0.012051141 98845685 17442
0.012009544 98845685 18305
0.011963401 98845685 19799
0.011961713 98845685 17632
0.011929629 98845685 15417
0.011909472 98845685 19688
0.011884358 98845685 16714
0.01174645 98845685 19926
0.011685163 98845685 18453
0.011673998 98845685 19392
0.011662481 98845685 18079
0.011596387 98845685 15854
0.011589553 98845685 17763
0.01156614 98845685 19393
0.011565525 98845685 21188
0.011551486 98845685 20632
0.011549251 98845685 19454
0.011534411 98845685 18842
0.011534411 98845685 18841
0.011522002 98845685 21843
0.011495383 98845685 22006
0.01146806 98845685 18924
0.011445202 98845685 19282
0.011445202 98845685 18099
0.011445202 98845685 17981
0.011387319 98845685 20543
0.011378735 98845685 21690
0.011378436 98845685 19598
0.011374016 98845685 17032
0.011370804 98845685 16526
0.011336289 98845685 11210
0.011327526 98845685 18211
0.011327526 98845685 17859
0.011327526 98845685 15949
0.011282213 98845685 19327
0.011166728 98845685 16775
0.01112891 98845685 17787
0.011072794 98845685 18293
0.011029171 98845685 18805
0.01099071 98845685 22111
0.010955984 98845685 15108
0.010953959 98845685 21381
0.010948649 98845685 21261
0.010936329 98845685 20830
0.010934746 98845685 21509
0.0109342225 98845685 16618
0.010924011 98845685 19761
0.010897214 98845685 18737
0.010842187 98845685 18865
0.010814737 98845685 16477
0.010791716 98845685 20137
0.010765025 98845685 16495
0.010738358 98845685 22397
0.010730715 98845685 19602
0.010718757 98845685 15340
0.010694679 98845685 16423
0.0106783705 98845685 22198
0.010674795 98845685 19965
0.010674795 98845685 19965
0.010661025 98845685 16441
0.010640747 98845685 17547
0.010624259 98845685 22276
0.01057276 98845685 19910
0.010534034 98845685 21579
0.0105287945 98845685 15848
0.010521417 98845685 17897
0.010521417 98845685 17792
0.010521417 98845685 17033
0.010521417 98845685 17031
0.010521417 98845685 16943
0.010521417 98845685 16942
0.010521417 98845685 16806
0.010521417 98845685 16792
0.010521417 98845685 16783
0.010517046 98845685 21040
0.010510228 98845685 18188
0.010486809 98845685 21839
0.010484585 98845685 17554
0.010482883 98845685 16925
0.010450041 98845685 22392
0.010447613 98845685 20052
0.010444241 98845685 16658
0.010443924 98845685 19117
0.0104210945 98845685 21819
0.010406733 98845685 19203
0.01038275 98845685 20967
0.010370165 98845685 19957
0.010350514 98845685 21311
0.010303071 98845685 18722
0.010292919 98845685 18646
0.010285411 98845685 18395
0.010276701 98845685 17056
0.010250127 98845685 16315
0.010203182 98845685 21603
0.010154378 98845685 16469
0.010138431 98845685 16444
0.010127911 98845685 21167
0.01006852 98845685 18670
0.010027053 98845685 17395
0.0100158695 98845685 18541
0.010002181 98845685 21010
0.009977325 98845685 17487
0.009947564 98845685 19929
0.009945863 98845685 18213
0.009907179 98845685 18873
0.009845502 98845685 19624
0.009838155 98845685 20484
0.009795551 98845685 21749
0.009763429 98845685 21501
0.009747929 98845685 21452
0.009747929 98845685 21451
0.009712449 98845685 21681
0.009703203 98845685 16820
0.009676916 98845685 19093
0.009660565 98845685 16915
0.00965173 98845685 19841
0.009650074 98845685 20244
0.00961007 98845685 14214
0.009583236 98845685 17320
0.009511005 98845685 18892
0.009489679 98845685 22438
0.009483975 98845685 16842
0.009472726 98845685 19407
0.0094709415 98845685 10693
0.009434929 98845685 18263
0.009425903 98845685 20098
0.009412099 98845685 15529
0.009357815 98845685 21808
0.009320259 98845685 21190
0.009312246 98845685 22027
0.009312246 98845685 22026
0.009266497 98845685 19736
0.009201756 98845685 18496
0.009174127 98845685 21255
0.009166735 98845685 18100
0.009145468 98845685 17417
0.009084721 98845685 19480
0.008957196 98845685 17997
0.00888159 98845685 21858
0.008880812 98845685 18252
0.008868487 98845685 17760
0.008860546 98845685 19735
0.008855889 98845685 18153
0.008792613 98845685 16703
0.008783993 98845685 17646
0.008756082 98845685 21401
0.008747981 98845685 18928
0.008745024 98845685 19390
0.0086714905 98845685 22032
0.008605234 98845685 19725
0.0085978955 98845685 19923
0.008574058 98845685 17026
0.008571521 98845685 17150
0.008455932 98845685 16502
0.008414069 98845685 17507
0.008401487 98845685 14432
0.008397467 98845685 17368
0.008331622 98845685 21440
0.00824047 98845685 20222
0.008221856 98845685 19473
0.008221686 98845685 19738
0.008215796 98845685 19622
0.00817249 98845685 17943
0.008132687 98845685 22154
0.008122559 98845685 16860
0.008106839 98845685 18103
0.008106839 98845685 18103
0.008083917 98845685 19269
0.0080833305 98845685 22008
0.008080032 98845685 19470
0.008073952 98845685 17331
0.008059829 98845685 15487
0.008059829 98845685 15485
0.00804713 98845685 11257
0.007979417 98845685 19481
0.007972764 98845685 17022
0.007950695 98845685 17370
0.007902825 98845685 17429
0.007879212 98845685 16069
0.007842738 98845685 21653
0.007836066 98845685 14650
0.007827347 98845685 17303
0.00779194 98845685 22061
0.00777344 98845685 21550
0.007762051 98845685 17690
0.007758855 98845685 16461
0.0077349353 98845685 20843
0.0077242013 98845685 18766
0.007716387 98845685 20557
0.007705411 98845685 19153
0.0076826005 98845685 19762
0.007681367 98845685 19935
0.0076566916 98845685 20637
0.0076559386 98845685 17857
0.0076292744 98845685 18056
0.0075655156 98845685 19284
0.0074775666 98845685 20871
0.007459644 98845685 18074
0.0074563473 98845685 17623
0.0074561215 98845685 20628
0.0074522714 98845685 18899
0.007431481 98845685 18093
0.0074309297 98845685 18425
0.007421039 98845685 20488
0.007412003 98845685 18975
0.00740905 98845685 18976
0.0074062413 98845685 21177
0.0074059973 98845685 15870
0.0074027125 98845685 18709
0.007396478 98845685 21109
0.0073687565 98845685 13143
0.0073680775 98845685 20553
0.0073596775 98845685 16061
0.0073594055 98845685 19511
0.007352446 98845685 15722
0.0072570667 98845685 19158
0.007239746 98845685 21404
0.0072296932 98845685 19038
0.0071939407 98845685 15697
0.007190386 98845685 20957
0.0071846377 98845685 17234
0.007168796 98845685 18879
0.0071559027 98845685 16291
0.0071268813 98845685 18868
0.0071241143 98845685 18836
0.0071077785 98845685 20638
0.0070749144 98845685 22060
0.0070613897 98845685 16378
0.0070344834 98845685 17231
0.007000136 98845685 16659
0.006986657 98845685 21578
0.006968068 98845685 19310
0.006943051 98845685 14019
0.006916858 98845685 17016
0.0069051124 98845685 17200
0.006852547 98845685 19501
0.006850114 98845685 19505
0.0068431366 98845685 16033
0.006829477 98845685 16309
0.0068226457 98845685 16443
0.0068192217 98845685 22386
0.0066737207 98845685 16228
0.0066702897 98845685 16466
0.0066638915 98845685 17066
0.0066623623 98845685 18523
0.006660583 98845685 18918
0.0065917275 98845685 17471
0.006540231 98845685 20799
0.0064804717 98845685 22368
0.0064508915 98845685 20174
0.0064309915 98845685 16974
0.0063941428 98845685 21725
0.006366922 98845685 17118
0.0063477615 98845685 17219
0.006336417 98845685 20454
0.006330025 98845685 18366
0.0063266745 98845685 16344
0.006298594 98845685 10376
0.006258266 98845685 19500
0.006199209 98845685 13749
0.006177888 98845685 17541
0.006169442 98845685 10441
0.0061650546 98845685 17001
0.006120692 98845685 16587
0.0061189444 98845685 17448
0.0060829357 98845685 18241
0.0060829357 98845685 18241
0.0060645 98845685 18684
0.0060644327 98845685 13207
0.0060507627 98845685 19844
0.0060358117 98845685 18371
0.006028929 98845685 19874
0.0059762015 98845685 22150
0.005968537 98845685 16600
0.005949992 98845685 19958
0.0059462492 98845685 19751
0.0059234602 98845685 18175
0.0059130727 98845685 21183
0.005887628 98845685 17019
0.005875904 98845685 20194
0.0058703506 98845685 20295
0.0058564884 98845685 22115
0.005818248 98845685 18862
0.0057885586 98845685 20764
0.005777669 98845685 20173
0.0057626413 98845685 17677
0.0057568587 98845685 18747
0.005732975 98845685 21818
0.0057136677 98845685 21884
0.0057095983 98845685 16865
0.005627141 98845685 15971
0.0055699013 98845685 19850
0.005568193 98845685 20892
0.005553175 98845685 13402
0.005544558 98845685 19851
0.005538499 98845685 19308
0.0055268407 98845685 17936
0.005522401 98845685 20385
0.005512516 98845685 16521
0.0055104475 98845685 17027
0.0054719127 98845685 17080
0.005443034 98845685 16289
0.005441183 98845685 19300
0.005441183 98845685 19300
0.0054323417 98845685 16485
0.005406726 98845685 17073
0.0054051382 98845685 10378
0.0053966055 98845685 19651
0.005328443 98845685 19731
0.005320766 98845685 16473
0.0052830493 98845685 20401
0.0052671977 98845685 21658
0.005249712 98845685 14471
0.0052266135 98845685 22310
0.0052201007 98845685 16471
0.0052141766 98845685 20455
0.0052128593 98845685 19550
0.0052063027 98845685 18048
0.0051552216 98845685 17592
0.0051453784 98845685 21411
0.00513535 98845685 10377
0.0051325825 98845685 17873
0.0051316563 98845685 18318
0.0051109125 98845685 21530
0.0051041623 98845685 20387
0.005098283 98845685 19211
0.0050403224 98845685 22350
0.0049882513 98845685 18195
0.004979745 98845685 17954
0.004951373 98845685 22267
0.0049317135 98845685 19700
0.004882306 98845685 17481
0.004822899 98845685 16393
0.0047683953 98845685 21181
0.0047251917 98845685 19401
0.004629908 98845685 21976
0.004614413 98845685 17514
0.004608927 98845685 18351
0.004600328 98845685 12312
0.004544658 98845685 19739
0.0044822907 98845685 16422
0.0044395416 98845685 16192
0.0044072187 98845685 18142
0.004380395 98845685 19816
0.0043799086 98845685 19983
0.0043662055 98845685 12313
0.0043641524 98845685 13288
0.004328167 98845685 18376
0.00432665 98845685 17788
0.0042544757 98845685 17973
0.0042172656 98845685 11464
0.004175967 98845685 20314
0.004175633 98845685 20109
0.004175135 98845685 22066
0.0041746832 98845685 14647
0.00414828 98845685 16531
0.0041093854 98845685 19856
0.0040570116 98845685 21186
0.003959814 98845685 16417
0.0039471593 98845685 16972
0.0039303936 98845685 16822
0.0038579584 98845685 12845
0.0038561467 98845685 17622
0.00383761 98845685 17486
0.0038316268 98845685 20489
0.0038176123 98845685 21155
0.0037785044 98845685 18791
0.0037662678 98845685 14970
0.0037462097 98845685 17608
0.003706122 98845685 17222
0.0036812664 98845685 19241
0.003642093 98845685 19686
0.0036298896 98845685 12266
0.0036154438 98845685 18852
0.003524326 98845685 21223
0.003476208 98845685 19729
0.00346512 98845685 16813
0.0034398641 98845685 18050
0.0034398641 98845685 18033
0.0034043002 98845685 20990
0.0033737565 98845685 22185
0.00330096 98845685 22281
0.0032570432 98845685 20035
0.0032451442 98845685 14181
0.0032350386 98845685 17630
0.0032130452 98845685 21176
0.0031534866 98845685 20127
0.0031448998 98845685 18069
0.0031448998 98845685 18069
0.0031338956 98845685 10396
0.0031091382 98845685 19274
0.0030338122 98845685 19056
0.00301519 98845685 20076
0.0029794404 98845685 20929
0.0029143153 98845685 21957
0.0029124683 98845685 17439
0.0028888693 98845685 16077
0.0028839852 98845685 20616
0.0028732026 98845685 21535
0.00286381 98845685 18633
0.00286381 98845685 18632
0.002797831 98845685 19536
0.0027931589 98845685 16640
0.0027534496 98845685 16135
0.0026978601 98845685 22355
0.0026978601 98845685 21140
0.0026978601 98845685 19237
0.0026978601 98845685 19218
0.0026978601 98845685 19049
0.0026978601 98845685 17891
0.0026744853 98845685 18554
0.0026744853 98845685 17764
0.0026744853 98845685 17263
0.0026430262 98845685 22247
0.0026348548 98845685 22025
0.0026105084 98845685 19348
0.0026034317 98845685 20639
0.002597596 98845685 18236
0.002503523 98845685 21363
0.002503523 98845685 21327
0.002503523 98845685 21079
0.002503523 98845685 20669
0.002503523 98845685 19900
0.002503523 98845685 18907
0.002503523 98845685 17893
0.002503523 98845685 17123
0.002503523 98845685 16567
0.002503523 98845685 16311
0.002503523 98845685 13091
0.0024951082 98845685 19352
0.0024863842 98845685 19361
0.0024848103 98845685 21988
0.0024848103 98845685 20425
0.0024848103 98845685 18011
0.0024848103 98845685 17562
0.0024848103 98845685 16969
0.0024848103 98845685 16240
0.0024848103 98845685 16212
0.002466505 98845685 18094
0.0024548974 98845685 21474
0.0024504159 98845685 16021
0.002409975 98845685 19404
0.002356382 98845685 20386
0.0023407592 98845685 21964
0.0023279805 98845685 18364
0.0023215741 98845685 15499
0.0022560656 98845685 21944
0.002216186 98845685 18794
0.0021935105 98845685 16924
0.0021521167 98845685 21349
0.0021131742 98845685 12826
0.0021010714 98845685 20204
0.0020462908 98845685 18906
0.001966847 98845685 18725
0.001944946 98845685 19201
0.0019406484 98845685 20406
0.0019322329 98845685 20020
0.0018883975 98845685 20629
0.0018843143 98845685 19990
0.0018479587 98845685 20848
0.0018474644 98845685 17415
0.0018150067 98845685 18779
0.0018039402 98845685 17238
0.0018005536 98845685 22005
0.0017864287 98845685 17376
0.0017679437 98845685 19583
0.0017672321 98845685 21798
0.0017607926 98845685 15458
0.0017524794 98845685 21902
0.0017516976 98845685 22282
0.0017455354 98845685 11944
0.0017272768 98845685 16756
0.0017269516 98845685 11089
0.0017219749 98845685 16789
0.0017126306 98845685 15828
0.0016926356 98845685 10541
0.0016660959 98845685 18904
0.0015997931 98845685 17984
0.0015729718 98845685 21698
0.0015656296 98845685 17892
0.0015648984 98845685 20842
0.0015601987 98845685 13968
0.0015551023 98845685 20473
0.0015095604 98845685 22294
0.001481791 98845685 19665
0.001481791 98845685 19421
0.001463646 98845685 21852
0.0014539191 98845685 16340
0.0014539191 98845685 16339
0.0014539191 98845685 16337
0.0014539191 98845685 16335
0.0014468944 98845685 20615
0.0014375482 98845685 11489
0.001431644 98845685 19548
0.0014211107 98845685 20759
0.0014171571 98845685 17769
0.0014041371 98845685 20010
0.0014019513 98845685 19342
0.0013916587 98845685 21973
0.0013900088 98845685 15892
0.0013685122 98845685 20528
0.0013517289 98845685 19981
0.0013501535 98845685 16532
0.0013489407 98845685 17795
0.0013452129 98845685 17884
0.00133826 98845685 18591
0.0013346737 98845685 17400
0.0013320476 98845685 17461
0.001310698 98845685 21885
0.0012975152 98845685 20383
0.0012927903 98845685 19547
0.0012919683 98845685 21683
0.0012912324 98845685 14419
0.0012755827 98845685 16568
0.0012719961 98845685 18446
0.0012550872 98845685 20284
0.0012550872 98845685 20283
0.0012550872 98845685 20282
0.0012308586 98845685 18847
0.0012266287 98845685 16922
0.0012107816 98845685 18179
0.0012014108 98845685 21312
0.0011897127 98845685 20442
0.0011785559 98845685 19576
0.0011529361 98845685 18626
0.0011493802 98845685 20932
0.0011307163 98845685 22015
0.0011283493 98845685 16120
0.001125126 98845685 21621
0.0011056074 98845685 17478
0.0010840939 98845685 19166
0.0010776627 98845685 16375
0.0010709486 98845685 20086
0.0010709486 98845685 20086
0.0010688129 98845685 17972
0.0010685853 98845685 20572
0.0010671025 98845685 20504
0.0010620148 98845685 18013
0.0010561285 98845685 20087
0.0010561285 98845685 20087
0.0010555944 98845685 21163
0.0010526119 98845685 20930
0.0010487374 98845685 17324
0.0010433465 98845685 22081
0.001032938 98845685 22038
0.0010286785 98845685 17479
0.0010083345 98845685 17698
0.0009962467 98845685 19785
0.000974854 98845685 17236
0.0009676298 98845685 17917
0.00096151716 98845685 21517
0.00094757933 98845685 17619
0.00093663717 98845685 16508
0.000928391 98845685 18247
0.00090070424 98845685 17230
0.00089754624 98845685 20734
0.0008952489 98845685 21007
0.0008936287 98845685 21982
0.0008923955 98845685 18860
0.00089107326 98845685 22183
0.00088898255 98845685 16904
0.0008886748 98845685 21295
0.00088660116 98845685 15432
0.0008748321 98845685 21284
0.0008735013 98845685 16029
0.00086625246 98845685 22022
0.0008657131 98845685 16524
0.0008650224 98845685 16886
0.0008569008 98845685 15120
0.0008523091 98845685 15057
0.0008499083 98845685 20503
0.0008488323 98845685 16068
0.0008416587 98845685 18630
0.0008413455 98845685 22182
0.0008363052 98845685 17304
0.00083602825 98845685 18913
0.0008349372 98845685 20018
0.00081781036 98845685 19950
0.00081748975 98845685 17211
0.00081748975 98845685 17183
0.0008168766 98845685 19697
0.00080568227 98845685 16343
0.00079408946 98845685 17925
0.00079370645 98845685 19784
0.0007653563 98845685 16174
0.000762405 98845685 17726
0.000750898 98845685 19030
0.00074867095 98845685 17112
0.0007452672 98845685 16016
0.00074384944 98845685 15871
0.00072989304 98845685 17986
0.00071704586 98845685 16716
0.0007088321 98845685 16391
0.0007034251 98845685 17890
0.0007033693 98845685 20654
0.0007022136 98845685 16944
0.0007019189 98845685 18539
0.00069385086 98845685 22007
0.00069244293 98845685 18365
0.00068123493 98845685 20139
0.0006796457 98845685 22103
0.0006767598 98845685 18581
0.0006758307 98845685 16917
0.0006717561 98845685 18674
0.00067074696 98845685 17318
0.000670601 98845685 16887
0.00067015056 98845685 19636
0.0006700133 98845685 19861
0.0006697807 98845685 21587
0.00066511147 98845685 17240
0.00066482835 98845685 17868
0.0006520154 98845685 20378
0.00064762775 98845685 16481
0.0006398231 98845685 19998
0.0006284288 98845685 16645
0.0006281606 98845685 19317
0.00062605896 98845685 20521
0.00062077225 98845685 19234
0.00061676477 98845685 20471
0.00061206723 98845685 17919
0.00060951716 98845685 22214
0.0006007315 98845685 20224
0.00059502554 98845685 19366
0.0005815478 98845685 15469
0.0005813955 98845685 20949
0.0005757543 98845685 22284
0.0005743147 98845685 19581
0.00057268643 98845685 18360
0.0005664327 98845685 21515
0.0005647871 98845685 19419
0.00056218205 98845685 16911
0.0005615145 98845685 17215
0.0005606973 98845685 17418
0.0005467622 98845685 17823
0.00054436753 98845685 18731
0.00054436753 98845685 18730
0.000511723 98845685 20585
0.0005084549 98845685 18514
0.00050643494 98845685 22058
0.0005053128 98845685 17317
0.0005032428 98845685 18861
0.00049939565 98845685 20586
0.0004984308 98845685 19694
0.00048639413 98845685 21844
0.0004836846 98845685 20587
0.0004830171 98845685 20588
0.00048109653 98845685 18357
0.00047927015 98845685 17692
0.00047721303 98845685 21272
0.00047656955 98845685 16603
0.00047098307 98845685 21274
0.00046546478 98845685 17345
0.0004621149 98845685 16900
0.00046036192 98845685 21519
0.00045771172 98845685 15879
0.00045664023 98845685 17025
0.00045442375 98845685 21497
0.00045276823 98845685 20983
0.0004501843 98845685 20235
0.00043993414 98845685 20146
0.00043246016 98845685 18701
0.0004209749 98845685 22410
0.00040220842 98845685 19033
0.0003784046 98845685 20927
0.00036076887 98845685 22243
0.00035134004 98845685 18147
0.00034837492 98845685 19181
0.00033373077 98845685 20208
0.0003327174 98845685 17186
0.00032825395 98845685 13926
0.00028746645 98845685 19394
0.00027990548 98845685 21915
0.00027655825 98845685 19045
0.0002522794 98845685 20971
0.00024404444 98845685 22331
0.00024014249 98845685 21661
0.00019674003 98845685 12507
0.00017912059 98845685 18361
0.00017323538 98845685 18370
0.00013904841 98845685 16252
0.00010129066 98845685 20904
3.0116249e-05 98845685 19868
0.0 98845685 22443
0.0 98845685 22440
0.0 98845685 22436
0.0 98845685 22384
0.0 98845685 22347
0.0 98845685 22333
0.0 98845685 22323
0.0 98845685 22301
0.0 98845685 22293
0.0 98845685 22288
0.0 98845685 22272
0.0 98845685 22252
0.0 98845685 22211
0.0 98845685 22193
0.0 98845685 22179
0.0 98845685 22134
0.0 98845685 22108
0.0 98845685 22094
0.0 98845685 22090
0.0 98845685 22078
0.0 98845685 22075
0.0 98845685 22046
0.0 98845685 22011
0.0 98845685 21981
0.0 98845685 21971
0.0 98845685 21959
0.0 98845685 21939
0.0 98845685 21938
0.0 98845685 21934
0.0 98845685 21917
0.0 98845685 21908
0.0 98845685 21895
0.0 98845685 21877
0.0 98845685 21842
0.0 98845685 21821
0.0 98845685 21814
0.0 98845685 21796
0.0 98845685 21780
0.0 98845685 21764
0.0 98845685 21741
0.0 98845685 21723
0.0 98845685 21722
0.0 98845685 21713
0.0 98845685 21686
0.0 98845685 21677
0.0 98845685 21676
0.0 98845685 21659
0.0 98845685 21641
0.0 98845685 21607
0.0 98845685 21606
0.0 98845685 21513
0.0 98845685 21412
0.0 98845685 21384
0.0 98845685 21379
0.0 98845685 21378
0.0 98845685 21333
0.0 98845685 21310
0.0 98845685 21307
0.0 98845685 21178
0.0 98845685 21170
0.0 98845685 21168
0.0 98845685 21151
0.0 98845685 21145
0.0 98845685 21131
0.0 98845685 21127
0.0 98845685 21066
0.0 98845685 21058
0.0 98845685 21035
0.0 98845685 21019
0.0 98845685 20968
0.0 98845685 20922
0.0 98845685 20900
0.0 98845685 20852
0.0 98845685 20839
0.0 98845685 20824
0.0 98845685 20810
0.0 98845685 20806
0.0 98845685 20790
0.0 98845685 20784
0.0 98845685 20782
0.0 98845685 20751
0.0 98845685 20680
0.0 98845685 20664
0.0 98845685 20651
0.0 98845685 20624
0.0 98845685 20621
0.0 98845685 20620
0.0 98845685 20619
0.0 98845685 20558
0.0 98845685 20537
0.0 98845685 20470
0.0 98845685 20457
0.0 98845685 20440
0.0 98845685 20412
0.0 98845685 20275
0.0 98845685 20257
0.0 98845685 20253
0.0 98845685 20213
0.0 98845685 20202
0.0 98845685 20201
0.0 98845685 20148
0.0 98845685 20147
0.0 98845685 20085
0.0 98845685 20077
0.0 98845685 20034
0.0 98845685 20033
0.0 98845685 20013
0.0 98845685 19967
0.0 98845685 19959
0.0 98845685 19892
0.0 98845685 19865
0.0 98845685 19860
0.0 98845685 19859
0.0 98845685 19843
0.0 98845685 19833
0.0 98845685 19820
0.0 98845685 19817
0.0 98845685 19811
0.0 98845685 19796
0.0 98845685 19756
0.0 98845685 19746
0.0 98845685 19695
0.0 98845685 19675
0.0 98845685 19674
0.0 98845685 19668
0.0 98845685 19652
0.0 98845685 19635
0.0 98845685 19632
0.0 98845685 19597
0.0 98845685 19515
0.0 98845685 19450
0.0 98845685 19441
0.0 98845685 19439
0.0 98845685 19429
0.0 98845685 19411
0.0 98845685 19398
0.0 98845685 19391
0.0 98845685 19347
0.0 98845685 19335
0.0 98845685 19332
0.0 98845685 19311
0.0 98845685 19287
0.0 98845685 19285
0.0 98845685 19278
0.0 98845685 19268
0.0 98845685 19251
0.0 98845685 19236
0.0 98845685 19216
0.0 98845685 19213
0.0 98845685 19205
0.0 98845685 19182
0.0 98845685 19179
0.0 98845685 19176
0.0 98845685 19164
0.0 98845685 19134
0.0 98845685 19130
0.0 98845685 19029
0.0 98845685 19023
0.0 98845685 19022
0.0 98845685 19007
0.0 98845685 18942
0.0 98845685 18941
0.0 98845685 18929
0.0 98845685 18926
0.0 98845685 18903
0.0 98845685 18881
0.0 98845685 18874
0.0 98845685 18858
0.0 98845685 18856
0.0 98845685 18848
0.0 98845685 18816
0.0 98845685 18803
0.0 98845685 18789
0.0 98845685 18777
0.0 98845685 18719
0.0 98845685 18698
0.0 98845685 18679
0.0 98845685 18660
0.0 98845685 18657
0.0 98845685 18654
0.0 98845685 18634
0.0 98845685 18587
0.0 98845685 18545
0.0 98845685 18531
0.0 98845685 18512
0.0 98845685 18510
0.0 98845685 18503
0.0 98845685 18494
0.0 98845685 18481
0.0 98845685 18470
0.0 98845685 18467
0.0 98845685 18462
0.0 98845685 18444
0.0 98845685 18432
0.0 98845685 18413
0.0 98845685 18410
0.0 98845685 18401
0.0 98845685 18394
0.0 98845685 18380
0.0 98845685 18337
0.0 98845685 18331
0.0 98845685 18311
0.0 98845685 18296
0.0 98845685 18282
0.0 98845685 18230
0.0 98845685 18215
0.0 98845685 18204
0.0 98845685 18202
0.0 98845685 18190
0.0 98845685 18161
0.0 98845685 18151
0.0 98845685 18141
0.0 98845685 18127
0.0 98845685 18086
0.0 98845685 18034
0.0 98845685 17988
0.0 98845685 17975
0.0 98845685 17974
0.0 98845685 17945
0.0 98845685 17935
0.0 98845685 17931
0.0 98845685 17918
0.0 98845685 17912
0.0 98845685 17872
0.0 98845685 17870
0.0 98845685 17862
0.0 98845685 17848
0.0 98845685 17833
0.0 98845685 17812
0.0 98845685 17808
0.0 98845685 17783
0.0 98845685 17714
0.0 98845685 17706
0.0 98845685 17686
0.0 98845685 17595
0.0 98845685 17589
0.0 98845685 17515
0.0 98845685 17497
0.0 98845685 17491
0.0 98845685 17459
0.0 98845685 17425
0.0 98845685 17404
0.0 98845685 17401
0.0 98845685 17399
0.0 98845685 17396
0.0 98845685 17365
0.0 98845685 17357
0.0 98845685 17329
0.0 98845685 17327
0.0 98845685 17322
0.0 98845685 17311
0.0 98845685 17310
0.0 98845685 17308
0.0 98845685 17305
0.0 98845685 17302
0.0 98845685 17299
0.0 98845685 17297
0.0 98845685 17295
0.0 98845685 17294
0.0 98845685 17293
0.0 98845685 17287
0.0 98845685 17250
0.0 98845685 17226
0.0 98845685 17225
0.0 98845685 17209
0.0 98845685 17190
0.0 98845685 17169
0.0 98845685 17164
0.0 98845685 17158
0.0 98845685 17136
0.0 98845685 17135
0.0 98845685 17128
0.0 98845685 17106
0.0 98845685 17100
0.0 98845685 16957
0.0 98845685 16955
0.0 98845685 16951
0.0 98845685 16948
0.0 98845685 16875
0.0 98845685 16866
0.0 98845685 16838
0.0 98845685 16836
0.0 98845685 16821
0.0 98845685 16818
0.0 98845685 16804
0.0 98845685 16774
0.0 98845685 16770
0.0 98845685 16744
0.0 98845685 16722
0.0 98845685 16709
0.0 98845685 16705
0.0 98845685 16693
0.0 98845685 16648
0.0 98845685 16608
0.0 98845685 16593
0.0 98845685 16592
0.0 98845685 16591
0.0 98845685 16586
0.0 98845685 16578
0.0 98845685 16569
0.0 98845685 16563
0.0 98845685 16561
0.0 98845685 16558
0.0 98845685 16557
0.0 98845685 16518
0.0 98845685 16483
0.0 98845685 16433
0.0 98845685 16425
0.0 98845685 16418
0.0 98845685 16409
0.0 98845685 16396
0.0 98845685 16395
0.0 98845685 16362
0.0 98845685 16275
0.0 98845685 16268
0.0 98845685 16227
0.0 98845685 16225
0.0 98845685 16216
0.0 98845685 16210
0.0 98845685 16208
0.0 98845685 16201
0.0 98845685 16130
0.0 98845685 16122
0.0 98845685 16119
0.0 98845685 16078
0.0 98845685 16019
0.0 98845685 15985
0.0 98845685 15942
0.0 98845685 15939
0.0 98845685 15938
0.0 98845685 15935
0.0 98845685 15924
0.0 98845685 15908
0.0 98845685 15903
0.0 98845685 15886
0.0 98845685 15874
0.0 98845685 15812
0.0 98845685 15803
0.0 98845685 15764
0.0 98845685 15505
0.0 98845685 15461
0.0 98845685 15437
0.0 98845685 15402
0.0 98845685 15308
0.0 98845685 15279
0.0 98845685 15158
0.0 98845685 14971
0.0 98845685 14929
0.0 98845685 14819
0.0 98845685 14765
0.0 98845685 14636
0.0 98845685 14586
0.0 98845685 14584
0.0 98845685 14582
0.0 98845685 14357
0.0 98845685 14187
0.0 98845685 13982
0.0 98845685 13054
0.0 98845685 11473
0.0 98845685 10816
0.0 98845685 10760
0.0 98845685 10751
0.0 98845685 9384
0.0 98845685 7157

