0.3030746 56502897 16481
0.28481472 56502897 21686
0.24820557 56502897 19654
0.22270058 56502897 19446
0.21826531 56502897 16175
0.20005836 56502897 21764
0.18677692 56502897 19581
0.16125621 56502897 20824
0.14559527 56502897 21189
0.13292554 56502897 19299
0.13119659 56502897 17418
0.121789336 56502897 21311
0.11483658 56502897 20556
0.11464225 56502897 22368
0.11397913 56502897 19890
0.09334841 56502897 19241
0.087760456 56502897 20519
0.08559237 56502897 19648
0.083063155 56502897 17460
0.081951395 56502897 21188
0.0797005 56502897 20139
0.077672005 56502897 18093
0.06664038 56502897 19656
0.066351555 56502897 17919
0.06483152 56502897 17412
0.06155853 56502897 19367
0.060315363 56502897 19960
0.058900006 56502897 17145
0.05670958 56502897 18628
0.05670958 56502897 18627
0.054817043 56502897 18651
0.054642312 56502897 18143
0.053699702 56502897 20405
0.051597707 56502897 22258
0.050295684 56502897 20516
0.049729038 56502897 20441
0.04964549 56502897 20484
0.04897109 56502897 20737
0.048082042 56502897 19863
0.0479411 56502897 16801
0.047223218 56502897 19499
0.04577454 56502897 16253
0.04323694 56502897 22039
0.04265644 56502897 16512
0.042493924 56502897 22240
0.042371877 56502897 20046
0.04232191 56502897 18793
0.04132117 56502897 20792
0.041298002 56502897 19400
0.041162804 56502897 18320
0.040616613 56502897 16279
0.04035647 56502897 18876
0.04027277 56502897 17842
0.04026685 56502897 17489
0.039807554 56502897 18451
0.039541733 56502897 20409
0.03816126 56502897 14356
0.037715197 56502897 19386
0.037598856 56502897 18673
0.037568595 56502897 20786
0.037355445 56502897 16711
0.037240386 56502897 17782
0.036786284 56502897 22434
0.036728036 56502897 17805
0.036225542 56502897 17606
0.035496674 56502897 22082
0.035345584 56502897 17034
0.0349924 56502897 22102
0.034949742 56502897 20196
0.034933627 56502897 17248
0.034836635 56502897 15214
0.03473313 56502897 17249
0.034626953 56502897 18609
0.03455109 56502897 19009
0.034424484 56502897 12305
0.03436767 56502897 20762
0.033868086 56502897 16336
0.033701524 56502897 20979
0.03362698 56502897 19961
0.033375934 56502897 14026
0.033365354 56502897 14713
0.032917287 56502897 15999
0.032461233 56502897 19090
0.03229015 56502897 14678
0.032226756 56502897 16980
0.031823907 56502897 16308
0.031620327 56502897 19427
0.030945381 56502897 19483
0.030453153 56502897 19937
0.030272365 56502897 19519
0.030152028 56502897 21549
0.02930589 56502897 11210
0.02893745 56502897 18905
0.028920116 56502897 19866
0.028769786 56502897 17787
0.027837673 56502897 16964
0.027594509 56502897 21455
0.027491285 56502897 21953
0.027361346 56502897 18177
0.02728454 56502897 18293
0.027218403 56502897 15848
0.027105069 56502897 19815
0.026978634 56502897 21261
0.026713343 56502897 14699
0.026705433 56502897 15910
0.026591934 56502897 20137
0.026501752 56502897 21576
0.026428787 56502897 17621
0.026273629 56502897 21218
0.026250483 56502897 16469
0.02590057 56502897 22006
0.025753083 56502897 18275
0.02525902 56502897 19602
0.024774 56502897 17320
0.02472959 56502897 17825
0.024470048 56502897 12871
0.024106469 56502897 21459
0.02392049 56502897 19781
0.023408731 56502897 19774
0.023375748 56502897 19314
0.021694366 56502897 19249
0.021589674 56502897 19301
0.02144156 56502897 22079
0.021144565 56502897 19940
0.021133386 56502897 20298
0.020511739 56502897 18115
0.020179158 56502897 16618
0.01995345 56502897 18153
0.019947939 56502897 20557
0.019919563 56502897 19153
0.019828983 56502897 11257
0.01979167 56502897 17857
0.019685736 56502897 22254
0.019591356 56502897 17370
0.01949516 56502897 20832
0.01941951 56502897 20055
0.01936974 56502897 16725
0.019216407 56502897 18939
0.019143183 56502897 20827
0.019025793 56502897 16061
0.018534822 56502897 21726
0.018454252 56502897 20429
0.018061485 56502897 21578
0.017884163 56502897 20830
0.017797993 56502897 18079
0.017648427 56502897 19433
0.017640447 56502897 22411
0.01762864 56502897 22386
0.017496327 56502897 18922
0.017016865 56502897 17026
0.01688837 56502897 20543
0.016821202 56502897 14856
0.016805476 56502897 17056
0.016799597 56502897 20628
0.016543284 56502897 20637
0.016451905 56502897 20662
0.016128445 56502897 19517
0.015915705 56502897 15796
0.015756205 56502897 20175
0.015436613 56502897 20151
0.015391591 56502897 15529
0.015383015 56502897 20123
0.01494966 56502897 20098
0.014751688 56502897 20638
0.014656057 56502897 15108
0.014601723 56502897 19624
0.014587004 56502897 15608
0.0143989725 56502897 19850
0.014333456 56502897 19851
0.014067375 56502897 22150
0.013771396 56502897 16526
0.013699408 56502897 21509
0.0134671945 56502897 16634
0.01343528 56502897 19622
0.013427734 56502897 15913
0.013363519 56502897 17765
0.012675771 56502897 16442
0.012538865 56502897 13359
0.011876571 56502897 14630
0.011481223 56502897 21117
0.011476834 56502897 16192
0.01102621 56502897 21897
0.010877448 56502897 14503
0.010854352 56502897 21452
0.010854352 56502897 21451
0.01067658 56502897 16051
0.010276101 56502897 18836
0.010275191 56502897 21013
0.0102371685 56502897 14844
0.01008389 56502897 20222
0.0099825235 56502897 19743
0.0099825235 56502897 19743
0.009813132 56502897 19320
0.009750733 56502897 16355
0.0094954595 56502897 22268
0.009441353 56502897 15854
0.0090296855 56502897 12457
0.008731857 56502897 17019
0.008356791 56502897 19222
0.007853756 56502897 10441
0.007799978 56502897 16624
0.0074384497 56502897 19681
0.0069014113 56502897 13468
0.0057995613 56502897 21147
0.005540617 56502897 21954
0.0054316325 56502897 21454
0.005062464 56502897 16925
0.0036146457 56502897 21583
0.001953545 56502897 11089
0.0 56502897 22443
0.0 56502897 22440
0.0 56502897 22438
0.0 56502897 22436
0.0 56502897 22432
0.0 56502897 22423
0.0 56502897 22423
0.0 56502897 22410
0.0 56502897 22408
0.0 56502897 22397
0.0 56502897 22392
0.0 56502897 22390
0.0 56502897 22384
0.0 56502897 22361
0.0 56502897 22355
0.0 56502897 22350
0.0 56502897 22347
0.0 56502897 22334
0.0 56502897 22333
0.0 56502897 22331
0.0 56502897 22323
0.0 56502897 22318
0.0 56502897 22310
0.0 56502897 22301
0.0 56502897 22294
0.0 56502897 22293
0.0 56502897 22291
0.0 56502897 22288
0.0 56502897 22284
0.0 56502897 22282
0.0 56502897 22281
0.0 56502897 22278
0.0 56502897 22276
0.0 56502897 22272
0.0 56502897 22267
0.0 56502897 22253
0.0 56502897 22252
0.0 56502897 22247
0.0 56502897 22243
0.0 56502897 22237
0.0 56502897 22214
0.0 56502897 22211
0.0 56502897 22210
0.0 56502897 22207
0.0 56502897 22198
0.0 56502897 22193
0.0 56502897 22185
0.0 56502897 22183
0.0 56502897 22182
0.0 56502897 22179
0.0 56502897 22163
0.0 56502897 22154
0.0 56502897 22138
0.0 56502897 22134
0.0 56502897 22127
0.0 56502897 22115
0.0 56502897 22111
0.0 56502897 22108
0.0 56502897 22103
0.0 56502897 22094
0.0 56502897 22090
0.0 56502897 22088
0.0 56502897 22081
0.0 56502897 22078
0.0 56502897 22077
0.0 56502897 22075
0.0 56502897 22074
0.0 56502897 22066
0.0 56502897 22061
0.0 56502897 22060
0.0 56502897 22058
0.0 56502897 22055
0.0 56502897 22046
0.0 56502897 22038
0.0 56502897 22036
0.0 56502897 22032
0.0 56502897 22027
0.0 56502897 22026
0.0 56502897 22025
0.0 56502897 22022
0.0 56502897 22019
0.0 56502897 22015
0.0 56502897 22011
0.0 56502897 22008
0.0 56502897 22007
0.0 56502897 22005
0.0 56502897 21989
0.0 56502897 21988
0.0 56502897 21982
0.0 56502897 21981
0.0 56502897 21978
0.0 56502897 21976
0.0 56502897 21973
0.0 56502897 21971
0.0 56502897 21964
0.0 56502897 21962
0.0 56502897 21959
0.0 56502897 21958
0.0 56502897 21957
0.0 56502897 21945
0.0 56502897 21944
0.0 56502897 21939
0.0 56502897 21938
0.0 56502897 21934
0.0 56502897 21933
0.0 56502897 21921
0.0 56502897 21917
0.0 56502897 21915
0.0 56502897 21913
0.0 56502897 21908
0.0 56502897 21902
0.0 56502897 21895
0.0 56502897 21885
0.0 56502897 21884
0.0 56502897 21878
0.0 56502897 21877
0.0 56502897 21866
0.0 56502897 21858
0.0 56502897 21852
0.0 56502897 21844
0.0 56502897 21843
0.0 56502897 21842
0.0 56502897 21839
0.0 56502897 21821
0.0 56502897 21819
0.0 56502897 21818
0.0 56502897 21814
0.0 56502897 21808
0.0 56502897 21798
0.0 56502897 21796
0.0 56502897 21780
0.0 56502897 21765
0.0 56502897 21753
0.0 56502897 21749
0.0 56502897 21741
0.0 56502897 21725
0.0 56502897 21723
0.0 56502897 21722
0.0 56502897 21713
0.0 56502897 21707
0.0 56502897 21706
0.0 56502897 21698
0.0 56502897 21697
0.0 56502897 21690
0.0 56502897 21689
0.0 56502897 21683
0.0 56502897 21681
0.0 56502897 21677
0.0 56502897 21676
0.0 56502897 21675
0.0 56502897 21661
0.0 56502897 21659
0.0 56502897 21658
0.0 56502897 21653
0.0 56502897 21641
0.0 56502897 21621
0.0 56502897 21607
0.0 56502897 21606
0.0 56502897 21603
0.0 56502897 21587
0.0 56502897 21586
0.0 56502897 21579
0.0 56502897 21562
0.0 56502897 21551
0.0 56502897 21550
0.0 56502897 21539
0.0 56502897 21535
0.0 56502897 21533
0.0 56502897 21530
0.0 56502897 21524
0.0 56502897 21519
0.0 56502897 21517
0.0 56502897 21515
0.0 56502897 21513
0.0 56502897 21512
0.0 56502897 21505
0.0 56502897 21501
0.0 56502897 21497
0.0 56502897 21474
0.0 56502897 21440
0.0 56502897 21412
0.0 56502897 21411
0.0 56502897 21404
0.0 56502897 21401
0.0 56502897 21384
0.0 56502897 21381
0.0 56502897 21379
0.0 56502897 21378
0.0 56502897 21363
0.0 56502897 21349
0.0 56502897 21333
0.0 56502897 21327
0.0 56502897 21312
0.0 56502897 21310
0.0 56502897 21307
0.0 56502897 21300
0.0 56502897 21298
0.0 56502897 21295
0.0 56502897 21284
0.0 56502897 21282
0.0 56502897 21274
0.0 56502897 21272
0.0 56502897 21255
0.0 56502897 21244
0.0 56502897 21236
0.0 56502897 21223
0.0 56502897 21219
0.0 56502897 21216
0.0 56502897 21204
0.0 56502897 21197
0.0 56502897 21190
0.0 56502897 21186
0.0 56502897 21183
0.0 56502897 21181
0.0 56502897 21178
0.0 56502897 21177
0.0 56502897 21176
0.0 56502897 21173
0.0 56502897 21170
0.0 56502897 21168
0.0 56502897 21167
0.0 56502897 21163
0.0 56502897 21155
0.0 56502897 21153
0.0 56502897 21151
0.0 56502897 21145
0.0 56502897 21140
0.0 56502897 21131
0.0 56502897 21127
0.0 56502897 21125
0.0 56502897 21118
0.0 56502897 21109
0.0 56502897 21107
0.0 56502897 21079
0.0 56502897 21066
0.0 56502897 21058
0.0 56502897 21050
0.0 56502897 21040
0.0 56502897 21035
0.0 56502897 21019
0.0 56502897 21010
0.0 56502897 21007
0.0 56502897 21006
0.0 56502897 20994
0.0 56502897 20990
0.0 56502897 20983
0.0 56502897 20971
0.0 56502897 20968
0.0 56502897 20967
0.0 56502897 20957
0.0 56502897 20949
0.0 56502897 20943
0.0 56502897 20932
0.0 56502897 20930
0.0 56502897 20929
0.0 56502897 20927
0.0 56502897 20922
0.0 56502897 20919
0.0 56502897 20904
0.0 56502897 20900
0.0 56502897 20893
0.0 56502897 20892
0.0 56502897 20890
0.0 56502897 20880
0.0 56502897 20871
0.0 56502897 20869
0.0 56502897 20852
0.0 56502897 20848
0.0 56502897 20843
0.0 56502897 20842
0.0 56502897 20839
0.0 56502897 20833
0.0 56502897 20829
0.0 56502897 20810
0.0 56502897 20807
0.0 56502897 20806
0.0 56502897 20801
0.0 56502897 20799
0.0 56502897 20797
0.0 56502897 20790
0.0 56502897 20784
0.0 56502897 20782
0.0 56502897 20780
0.0 56502897 20770
0.0 56502897 20764
0.0 56502897 20759
0.0 56502897 20751
0.0 56502897 20736
0.0 56502897 20734
0.0 56502897 20731
0.0 56502897 20708
0.0 56502897 20680
0.0 56502897 20669
0.0 56502897 20664
0.0 56502897 20654
0.0 56502897 20651
0.0 56502897 20639
0.0 56502897 20632
0.0 56502897 20629
0.0 56502897 20624
0.0 56502897 20621
0.0 56502897 20620
0.0 56502897 20619
0.0 56502897 20616
0.0 56502897 20615
0.0 56502897 20588
0.0 56502897 20587
0.0 56502897 20586
0.0 56502897 20585
0.0 56502897 20581
0.0 56502897 20572
0.0 56502897 20564
0.0 56502897 20563
0.0 56502897 20562
0.0 56502897 20561
0.0 56502897 20558
0.0 56502897 20554
0.0 56502897 20553
0.0 56502897 20547
0.0 56502897 20537
0.0 56502897 20536
0.0 56502897 20530
0.0 56502897 20528
0.0 56502897 20521
0.0 56502897 20514
0.0 56502897 20504
0.0 56502897 20503
0.0 56502897 20501
0.0 56502897 20489
0.0 56502897 20488
0.0 56502897 20473
0.0 56502897 20471
0.0 56502897 20470
0.0 56502897 20460
0.0 56502897 20458
0.0 56502897 20457
0.0 56502897 20455
0.0 56502897 20454
0.0 56502897 20449
0.0 56502897 20447
0.0 56502897 20442
0.0 56502897 20440
0.0 56502897 20437
0.0 56502897 20425
0.0 56502897 20412
0.0 56502897 20406
0.0 56502897 20401
0.0 56502897 20387
0.0 56502897 20386
0.0 56502897 20385
0.0 56502897 20383
0.0 56502897 20378
0.0 56502897 20369
0.0 56502897 20316
0.0 56502897 20314
0.0 56502897 20312
0.0 56502897 20306
0.0 56502897 20295
0.0 56502897 20284
0.0 56502897 20283
0.0 56502897 20282
0.0 56502897 20275
0.0 56502897 20273
0.0 56502897 20257
0.0 56502897 20254
0.0 56502897 20253
0.0 56502897 20252
0.0 56502897 20251
0.0 56502897 20250
0.0 56502897 20245
0.0 56502897 20244
0.0 56502897 20243
0.0 56502897 20235
0.0 56502897 20226
0.0 56502897 20224
0.0 56502897 20213
0.0 56502897 20209
0.0 56502897 20208
0.0 56502897 20206
0.0 56502897 20204
0.0 56502897 20202
0.0 56502897 20201
0.0 56502897 20195
0.0 56502897 20194
0.0 56502897 20191
0.0 56502897 20190
0.0 56502897 20186
0.0 56502897 20183
0.0 56502897 20181
0.0 56502897 20180
0.0 56502897 20174
0.0 56502897 20173
0.0 56502897 20163
0.0 56502897 20160
0.0 56502897 20157
0.0 56502897 20156
0.0 56502897 20148
0.0 56502897 20147
0.0 56502897 20146
0.0 56502897 20132
0.0 56502897 20127
0.0 56502897 20121
0.0 56502897 20109
0.0 56502897 20107
0.0 56502897 20093
0.0 56502897 20087
0.0 56502897 20087
0.0 56502897 20086
0.0 56502897 20086
0.0 56502897 20085
0.0 56502897 20077
0.0 56502897 20076
0.0 56502897 20068
0.0 56502897 20067
0.0 56502897 20052
0.0 56502897 20035
0.0 56502897 20034
0.0 56502897 20033
0.0 56502897 20028
0.0 56502897 20020
0.0 56502897 20018
0.0 56502897 20013
0.0 56502897 20010
0.0 56502897 20005
0.0 56502897 20001
0.0 56502897 19998
0.0 56502897 19990
0.0 56502897 19983
0.0 56502897 19981
0.0 56502897 19967
0.0 56502897 19965
0.0 56502897 19965
0.0 56502897 19959
0.0 56502897 19958
0.0 56502897 19957
0.0 56502897 19954
0.0 56502897 19950
0.0 56502897 19935
0.0 56502897 19930
0.0 56502897 19929
0.0 56502897 19926
0.0 56502897 19923
0.0 56502897 19920
0.0 56502897 19919
0.0 56502897 19918
0.0 56502897 19917
0.0 56502897 19912
0.0 56502897 19910
0.0 56502897 19905
0.0 56502897 19904
0.0 56502897 19901
0.0 56502897 19900
0.0 56502897 19892
0.0 56502897 19883
0.0 56502897 19875
0.0 56502897 19874
0.0 56502897 19872
0.0 56502897 19868
0.0 56502897 19865
0.0 56502897 19861
0.0 56502897 19860
0.0 56502897 19859
0.0 56502897 19856
0.0 56502897 19844
0.0 56502897 19843
0.0 56502897 19841
0.0 56502897 19839
0.0 56502897 19836
0.0 56502897 19833
0.0 56502897 19820
0.0 56502897 19819
0.0 56502897 19818
0.0 56502897 19817
0.0 56502897 19816
0.0 56502897 19811
0.0 56502897 19799
0.0 56502897 19796
0.0 56502897 19785
0.0 56502897 19784
0.0 56502897 19779
0.0 56502897 19762
0.0 56502897 19761
0.0 56502897 19760
0.0 56502897 19756
0.0 56502897 19751
0.0 56502897 19746
0.0 56502897 19739
0.0 56502897 19738
0.0 56502897 19736
0.0 56502897 19735
0.0 56502897 19731
0.0 56502897 19729
0.0 56502897 19725
0.0 56502897 19700
0.0 56502897 19697
0.0 56502897 19695
0.0 56502897 19694
0.0 56502897 19688
0.0 56502897 19686
0.0 56502897 19678
0.0 56502897 19675
0.0 56502897 19674
0.0 56502897 19671
0.0 56502897 19668
0.0 56502897 19665
0.0 56502897 19660
0.0 56502897 19652
0.0 56502897 19651
0.0 56502897 19647
0.0 56502897 19636
0.0 56502897 19635
0.0 56502897 19632
0.0 56502897 19606
0.0 56502897 19603
0.0 56502897 19600
0.0 56502897 19598
0.0 56502897 19597
0.0 56502897 19585
0.0 56502897 19583
0.0 56502897 19576
0.0 56502897 19550
0.0 56502897 19548
0.0 56502897 19547
0.0 56502897 19536
0.0 56502897 19528
0.0 56502897 19525
0.0 56502897 19516
0.0 56502897 19515
0.0 56502897 19511
0.0 56502897 19505
0.0 56502897 19501
0.0 56502897 19500
0.0 56502897 19481
0.0 56502897 19480
0.0 56502897 19473
0.0 56502897 19472
0.0 56502897 19470
0.0 56502897 19464
0.0 56502897 19454
0.0 56502897 19453
0.0 56502897 19450
0.0 56502897 19445
0.0 56502897 19441
0.0 56502897 19440
0.0 56502897 19439
0.0 56502897 19429
0.0 56502897 19421
0.0 56502897 19419
0.0 56502897 19411
0.0 56502897 19407
0.0 56502897 19406
0.0 56502897 19404
0.0 56502897 19401
0.0 56502897 19398
0.0 56502897 19394
0.0 56502897 19393
0.0 56502897 19392
0.0 56502897 19391
0.0 56502897 19390
0.0 56502897 19370
0.0 56502897 19366
0.0 56502897 19361
0.0 56502897 19359
0.0 56502897 19352
0.0 56502897 19348
0.0 56502897 19347
0.0 56502897 19342
0.0 56502897 19335
0.0 56502897 19332
0.0 56502897 19327
0.0 56502897 19322
0.0 56502897 19317
0.0 56502897 19311
0.0 56502897 19310
0.0 56502897 19308
0.0 56502897 19300
0.0 56502897 19300
0.0 56502897 19292
0.0 56502897 19287
0.0 56502897 19285
0.0 56502897 19284
0.0 56502897 19282
0.0 56502897 19278
0.0 56502897 19277
0.0 56502897 19276
0.0 56502897 19275
0.0 56502897 19274
0.0 56502897 19273
0.0 56502897 19269
0.0 56502897 19268
0.0 56502897 19255
0.0 56502897 19251
0.0 56502897 19240
0.0 56502897 19237
0.0 56502897 19236
0.0 56502897 19234
0.0 56502897 19233
0.0 56502897 19218
0.0 56502897 19216
0.0 56502897 19213
0.0 56502897 19211
0.0 56502897 19205
0.0 56502897 19203
0.0 56502897 19201
0.0 56502897 19199
0.0 56502897 19182
0.0 56502897 19181
0.0 56502897 19179
0.0 56502897 19178
0.0 56502897 19176
0.0 56502897 19166
0.0 56502897 19164
0.0 56502897 19158
0.0 56502897 19136
0.0 56502897 19134
0.0 56502897 19130
0.0 56502897 19117
0.0 56502897 19093
0.0 56502897 19081
0.0 56502897 19072
0.0 56502897 19058
0.0 56502897 19056
0.0 56502897 19049
0.0 56502897 19048
0.0 56502897 19045
0.0 56502897 19044
0.0 56502897 19038
0.0 56502897 19033
0.0 56502897 19030
0.0 56502897 19029
0.0 56502897 19023
0.0 56502897 19022
0.0 56502897 19021
0.0 56502897 19007
0.0 56502897 19004
0.0 56502897 18997
0.0 56502897 18996
0.0 56502897 18995
0.0 56502897 18990
0.0 56502897 18976
0.0 56502897 18975
0.0 56502897 18967
0.0 56502897 18942
0.0 56502897 18941
0.0 56502897 18929
0.0 56502897 18928
0.0 56502897 18926
0.0 56502897 18924
0.0 56502897 18920
0.0 56502897 18918
0.0 56502897 18913
0.0 56502897 18907
0.0 56502897 18906
0.0 56502897 18904
0.0 56502897 18903
0.0 56502897 18902
0.0 56502897 18899
0.0 56502897 18892
0.0 56502897 18891
0.0 56502897 18881
0.0 56502897 18879
0.0 56502897 18875
0.0 56502897 18874
0.0 56502897 18873
0.0 56502897 18868
0.0 56502897 18865
0.0 56502897 18862
0.0 56502897 18861
0.0 56502897 18860
0.0 56502897 18858
0.0 56502897 18856
0.0 56502897 18852
0.0 56502897 18848
0.0 56502897 18847
0.0 56502897 18842
0.0 56502897 18841
0.0 56502897 18832
0.0 56502897 18816
0.0 56502897 18812
0.0 56502897 18808
0.0 56502897 18805
0.0 56502897 18803
0.0 56502897 18799
0.0 56502897 18794
0.0 56502897 18791
0.0 56502897 18789
0.0 56502897 18779
0.0 56502897 18777
0.0 56502897 18774
0.0 56502897 18773
0.0 56502897 18766
0.0 56502897 18758
0.0 56502897 18747
0.0 56502897 18739
0.0 56502897 18737
0.0 56502897 18731
0.0 56502897 18730
0.0 56502897 18725
0.0 56502897 18722
0.0 56502897 18719
0.0 56502897 18717
0.0 56502897 18709
0.0 56502897 18702
0.0 56502897 18701
0.0 56502897 18699
0.0 56502897 18698
0.0 56502897 18697
0.0 56502897 18684
0.0 56502897 18679
0.0 56502897 18674
0.0 56502897 18671
0.0 56502897 18670
0.0 56502897 18666
0.0 56502897 18660
0.0 56502897 18657
0.0 56502897 18654
0.0 56502897 18647
0.0 56502897 18646
0.0 56502897 18641
0.0 56502897 18638
0.0 56502897 18634
0.0 56502897 18633
0.0 56502897 18632
0.0 56502897 18630
0.0 56502897 18629
0.0 56502897 18626
0.0 56502897 18624
0.0 56502897 18622
0.0 56502897 18615
0.0 56502897 18614
0.0 56502897 18605
0.0 56502897 18595
0.0 56502897 18593
0.0 56502897 18592
0.0 56502897 18591
0.0 56502897 18587
0.0 56502897 18581
0.0 56502897 18576
0.0 56502897 18575
0.0 56502897 18573
0.0 56502897 18555
0.0 56502897 18554
0.0 56502897 18552
0.0 56502897 18545
0.0 56502897 18541
0.0 56502897 18539
0.0 56502897 18533
0.0 56502897 18531
0.0 56502897 18524
0.0 56502897 18523
0.0 56502897 18520
0.0 56502897 18514
0.0 56502897 18512
0.0 56502897 18511
0.0 56502897 18510
0.0 56502897 18507
0.0 56502897 18503
0.0 56502897 18502
0.0 56502897 18499
0.0 56502897 18496
0.0 56502897 18494
0.0 56502897 18483
0.0 56502897 18481
0.0 56502897 18480
0.0 56502897 18470
0.0 56502897 18469
0.0 56502897 18467
0.0 56502897 18465
0.0 56502897 18462
0.0 56502897 18458
0.0 56502897 18453
0.0 56502897 18446
0.0 56502897 18444
0.0 56502897 18432
0.0 56502897 18429
0.0 56502897 18425
0.0 56502897 18424
0.0 56502897 18417
0.0 56502897 18416
0.0 56502897 18413
0.0 56502897 18410
0.0 56502897 18401
0.0 56502897 18400
0.0 56502897 18399
0.0 56502897 18398
0.0 56502897 18397
0.0 56502897 18395
0.0 56502897 18394
0.0 56502897 18381
0.0 56502897 18380
0.0 56502897 18376
0.0 56502897 18373
0.0 56502897 18371
0.0 56502897 18370
0.0 56502897 18369
0.0 56502897 18368
0.0 56502897 18367
0.0 56502897 18366
0.0 56502897 18365
0.0 56502897 18364
0.0 56502897 18362
0.0 56502897 18361
0.0 56502897 18360
0.0 56502897 18357
0.0 56502897 18353
0.0 56502897 18351
0.0 56502897 18347
0.0 56502897 18337
0.0 56502897 18331
0.0 56502897 18326
0.0 56502897 18323
0.0 56502897 18318
0.0 56502897 18311
0.0 56502897 18305
0.0 56502897 18296
0.0 56502897 18284
0.0 56502897 18283
0.0 56502897 18282
0.0 56502897 18269
0.0 56502897 18263
0.0 56502897 18260
0.0 56502897 18258
0.0 56502897 18254
0.0 56502897 18252
0.0 56502897 18251
0.0 56502897 18250
0.0 56502897 18247
0.0 56502897 18241
0.0 56502897 18241
0.0 56502897 18236
0.0 56502897 18230
0.0 56502897 18215
0.0 56502897 18213
0.0 56502897 18211
0.0 56502897 18206
0.0 56502897 18204
0.0 56502897 18202
0.0 56502897 18199
0.0 56502897 18198
0.0 56502897 18195
0.0 56502897 18190
0.0 56502897 18188
0.0 56502897 18180
0.0 56502897 18179
0.0 56502897 18178
0.0 56502897 18175
0.0 56502897 18161
0.0 56502897 18159
0.0 56502897 18154
0.0 56502897 18151
0.0 56502897 18147
0.0 56502897 18142
0.0 56502897 18141
0.0 56502897 18136
0.0 56502897 18129
0.0 56502897 18127
0.0 56502897 18109
0.0 56502897 18103
0.0 56502897 18103
0.0 56502897 18100
0.0 56502897 18099
0.0 56502897 18096
0.0 56502897 18094
0.0 56502897 18086
0.0 56502897 18081
0.0 56502897 18080
0.0 56502897 18077
0.0 56502897 18074
0.0 56502897 18071
0.0 56502897 18069
0.0 56502897 18069
0.0 56502897 18062
0.0 56502897 18057
0.0 56502897 18056
0.0 56502897 18052
0.0 56502897 18050
0.0 56502897 18048
0.0 56502897 18041
0.0 56502897 18034
0.0 56502897 18033
0.0 56502897 18019
0.0 56502897 18013
0.0 56502897 18011
0.0 56502897 18006
0.0 56502897 17997
0.0 56502897 17988
0.0 56502897 17986
0.0 56502897 17984
0.0 56502897 17981
0.0 56502897 17980
0.0 56502897 17975
0.0 56502897 17974
0.0 56502897 17973
0.0 56502897 17972
0.0 56502897 17967
0.0 56502897 17954
0.0 56502897 17946
0.0 56502897 17945
0.0 56502897 17943
0.0 56502897 17936
0.0 56502897 17935
0.0 56502897 17931
0.0 56502897 17925
0.0 56502897 17920
0.0 56502897 17918
0.0 56502897 17917
0.0 56502897 17912
0.0 56502897 17902
0.0 56502897 17901
0.0 56502897 17899
0.0 56502897 17898
0.0 56502897 17897
0.0 56502897 17893
0.0 56502897 17892
0.0 56502897 17891
0.0 56502897 17890
0.0 56502897 17884
0.0 56502897 17873
0.0 56502897 17872
0.0 56502897 17870
0.0 56502897 17868
0.0 56502897 17865
0.0 56502897 17862
0.0 56502897 17859
0.0 56502897 17850
0.0 56502897 17848
0.0 56502897 17845
0.0 56502897 17843
0.0 56502897 17838
0.0 56502897 17833
0.0 56502897 17828
0.0 56502897 17823
0.0 56502897 17821
0.0 56502897 17812
0.0 56502897 17808
0.0 56502897 17795
0.0 56502897 17792
0.0 56502897 17791
0.0 56502897 17788
0.0 56502897 17785
0.0 56502897 17783
0.0 56502897 17769
0.0 56502897 17764
0.0 56502897 17763
0.0 56502897 17760
0.0 56502897 17756
0.0 56502897 17754
0.0 56502897 17746
0.0 56502897 17741
0.0 56502897 17739
0.0 56502897 17738
0.0 56502897 17730
0.0 56502897 17729
0.0 56502897 17726
0.0 56502897 17718
0.0 56502897 17714
0.0 56502897 17710
0.0 56502897 17709
0.0 56502897 17707
0.0 56502897 17706
0.0 56502897 17705
0.0 56502897 17698
0.0 56502897 17692
0.0 56502897 17690
0.0 56502897 17686
0.0 56502897 17678
0.0 56502897 17677
0.0 56502897 17676
0.0 56502897 17674
0.0 56502897 17673
0.0 56502897 17668
0.0 56502897 17653
0.0 56502897 17651
0.0 56502897 17650
0.0 56502897 17646
0.0 56502897 17643
0.0 56502897 17642
0.0 56502897 17632
0.0 56502897 17630
0.0 56502897 17628
0.0 56502897 17626
0.0 56502897 17623
0.0 56502897 17622
0.0 56502897 17619
0.0 56502897 17608
0.0 56502897 17607
0.0 56502897 17601
0.0 56502897 17599
0.0 56502897 17598
0.0 56502897 17595
0.0 56502897 17592
0.0 56502897 17591
0.0 56502897 17589
0.0 56502897 17582
0.0 56502897 17581
0.0 56502897 17575
0.0 56502897 17571
0.0 56502897 17565
0.0 56502897 17562
0.0 56502897 17554
0.0 56502897 17553
0.0 56502897 17547
0.0 56502897 17546
0.0 56502897 17542
0.0 56502897 17541
0.0 56502897 17538
0.0 56502897 17515
0.0 56502897 17514
0.0 56502897 17507
0.0 56502897 17504
0.0 56502897 17498
0.0 56502897 17497
0.0 56502897 17492
0.0 56502897 17491
0.0 56502897 17487
0.0 56502897 17486
0.0 56502897 17481
0.0 56502897 17479
0.0 56502897 17478
0.0 56502897 17471
0.0 56502897 17461
0.0 56502897 17459
0.0 56502897 17448
0.0 56502897 17443
0.0 56502897 17442
0.0 56502897 17439
0.0 56502897 17434
0.0 56502897 17429
0.0 56502897 17425
0.0 56502897 17421
0.0 56502897 17417
0.0 56502897 17415
0.0 56502897 17413
0.0 56502897 17411
0.0 56502897 17404
0.0 56502897 17401
0.0 56502897 17400
0.0 56502897 17399
0.0 56502897 17398
0.0 56502897 17396
0.0 56502897 17395
0.0 56502897 17389
0.0 56502897 17376
0.0 56502897 17368
0.0 56502897 17365
0.0 56502897 17357
0.0 56502897 17345
0.0 56502897 17331
0.0 56502897 17329
0.0 56502897 17327
0.0 56502897 17324
0.0 56502897 17322
0.0 56502897 17318
0.0 56502897 17317
0.0 56502897 17311
0.0 56502897 17310
0.0 56502897 17308
0.0 56502897 17305
0.0 56502897 17304
0.0 56502897 17303
0.0 56502897 17302
0.0 56502897 17299
0.0 56502897 17297
0.0 56502897 17295
0.0 56502897 17294
0.0 56502897 17293
0.0 56502897 17287
0.0 56502897 17280
0.0 56502897 17279
0.0 56502897 17263
0.0 56502897 17254
0.0 56502897 17250
0.0 56502897 17240
0.0 56502897 17238
0.0 56502897 17236
0.0 56502897 17234
0.0 56502897 17231
0.0 56502897 17230
0.0 56502897 17226
0.0 56502897 17225
0.0 56502897 17222
0.0 56502897 17219
0.0 56502897 17215
0.0 56502897 17211
0.0 56502897 17209
0.0 56502897 17205
0.0 56502897 17204
0.0 56502897 17202
0.0 56502897 17200
0.0 56502897 17190
0.0 56502897 17186
0.0 56502897 17183
0.0 56502897 17181
0.0 56502897 17176
0.0 56502897 17175
0.0 56502897 17171
0.0 56502897 17169
0.0 56502897 17168
0.0 56502897 17165
0.0 56502897 17164
0.0 56502897 17158
0.0 56502897 17155
0.0 56502897 17154
0.0 56502897 17150
0.0 56502897 17136
0.0 56502897 17135
0.0 56502897 17133
0.0 56502897 17128
0.0 56502897 17124
0.0 56502897 17123
0.0 56502897 17118
0.0 56502897 17113
0.0 56502897 17112
0.0 56502897 17110
0.0 56502897 17106
0.0 56502897 17100
0.0 56502897 17082
0.0 56502897 17080
0.0 56502897 17074
0.0 56502897 17073
0.0 56502897 17066
0.0 56502897 17065
0.0 56502897 17041
0.0 56502897 17033
0.0 56502897 17032
0.0 56502897 17031
0.0 56502897 17030
0.0 56502897 17029
0.0 56502897 17028
0.0 56502897 17027
0.0 56502897 17025
0.0 56502897 17022
0.0 56502897 17016
0.0 56502897 17015
0.0 56502897 17007
0.0 56502897 17005
0.0 56502897 17001
0.0 56502897 16991
0.0 56502897 16983
0.0 56502897 16976
0.0 56502897 16975
0.0 56502897 16974
0.0 56502897 16972
0.0 56502897 16969
0.0 56502897 16963
0.0 56502897 16962
0.0 56502897 16957
0.0 56502897 16955
0.0 56502897 16951
0.0 56502897 16948
0.0 56502897 16944
0.0 56502897 16943
0.0 56502897 16942
0.0 56502897 16931
0.0 56502897 16924
0.0 56502897 16922
0.0 56502897 16917
0.0 56502897 16915
0.0 56502897 16913
0.0 56502897 16911
0.0 56502897 16905
0.0 56502897 16904
0.0 56502897 16900
0.0 56502897 16892
0.0 56502897 16889
0.0 56502897 16887
0.0 56502897 16886
0.0 56502897 16883
0.0 56502897 16875
0.0 56502897 16866
0.0 56502897 16865
0.0 56502897 16860
0.0 56502897 16842
0.0 56502897 16838
0.0 56502897 16836
0.0 56502897 16833
0.0 56502897 16822
0.0 56502897 16821
0.0 56502897 16820
0.0 56502897 16818
0.0 56502897 16813
0.0 56502897 16806
0.0 56502897 16804
0.0 56502897 16793
0.0 56502897 16792
0.0 56502897 16789
0.0 56502897 16783
0.0 56502897 16775
0.0 56502897 16774
0.0 56502897 16770
0.0 56502897 16768
0.0 56502897 16767
0.0 56502897 16764
0.0 56502897 16756
0.0 56502897 16751
0.0 56502897 16747
0.0 56502897 16744
0.0 56502897 16741
0.0 56502897 16734
0.0 56502897 16722
0.0 56502897 16716
0.0 56502897 16714
0.0 56502897 16709
0.0 56502897 16705
0.0 56502897 16703
0.0 56502897 16693
0.0 56502897 16688
0.0 56502897 16686
0.0 56502897 16682
0.0 56502897 16680
0.0 56502897 16659
0.0 56502897 16658
0.0 56502897 16648
0.0 56502897 16645
0.0 56502897 16640
0.0 56502897 16636
0.0 56502897 16608
0.0 56502897 16603
0.0 56502897 16600
0.0 56502897 16593
0.0 56502897 16592
0.0 56502897 16591
0.0 56502897 16587
0.0 56502897 16586
0.0 56502897 16578
0.0 56502897 16569
0.0 56502897 16568
0.0 56502897 16567
0.0 56502897 16563
0.0 56502897 16561
0.0 56502897 16558
0.0 56502897 16557
0.0 56502897 16532
0.0 56502897 16531
0.0 56502897 16524
0.0 56502897 16521
0.0 56502897 16518
0.0 56502897 16515
0.0 56502897 16513
0.0 56502897 16508
0.0 56502897 16503
0.0 56502897 16502
0.0 56502897 16497
0.0 56502897 16495
0.0 56502897 16485
0.0 56502897 16483
0.0 56502897 16477
0.0 56502897 16473
0.0 56502897 16471
0.0 56502897 16466
0.0 56502897 16461
0.0 56502897 16444
0.0 56502897 16443
0.0 56502897 16441
0.0 56502897 16433
0.0 56502897 16425
0.0 56502897 16423
0.0 56502897 16422
0.0 56502897 16420
0.0 56502897 16418
0.0 56502897 16417
0.0 56502897 16409
0.0 56502897 16403
0.0 56502897 16396
0.0 56502897 16395
0.0 56502897 16393
0.0 56502897 16391
0.0 56502897 16385
0.0 56502897 16384
0.0 56502897 16383
0.0 56502897 16382
0.0 56502897 16381
0.0 56502897 16378
0.0 56502897 16375
0.0 56502897 16367
0.0 56502897 16362
0.0 56502897 16344
0.0 56502897 16343
0.0 56502897 16340
0.0 56502897 16339
0.0 56502897 16337
0.0 56502897 16335
0.0 56502897 16318
0.0 56502897 16316
0.0 56502897 16315
0.0 56502897 16311
0.0 56502897 16309
0.0 56502897 16292
0.0 56502897 16291
0.0 56502897 16289
0.0 56502897 16275
0.0 56502897 16268
0.0 56502897 16258
0.0 56502897 16252
0.0 56502897 16251
0.0 56502897 16240
0.0 56502897 16228
0.0 56502897 16227
0.0 56502897 16225
0.0 56502897 16217
0.0 56502897 16216
0.0 56502897 16215
0.0 56502897 16212
0.0 56502897 16210
0.0 56502897 16209
0.0 56502897 16208
0.0 56502897 16201
0.0 56502897 16199
0.0 56502897 16174
0.0 56502897 16145
0.0 56502897 16137
0.0 56502897 16135
0.0 56502897 16130
0.0 56502897 16122
0.0 56502897 16120
0.0 56502897 16119
0.0 56502897 16078
0.0 56502897 16077
0.0 56502897 16076
0.0 56502897 16074
0.0 56502897 16069
0.0 56502897 16068
0.0 56502897 16050
0.0 56502897 16033
0.0 56502897 16029
0.0 56502897 16021
0.0 56502897 16019
0.0 56502897 16016
0.0 56502897 16002
0.0 56502897 15985
0.0 56502897 15971
0.0 56502897 15949
0.0 56502897 15942
0.0 56502897 15939
0.0 56502897 15938
0.0 56502897 15935
0.0 56502897 15934
0.0 56502897 15924
0.0 56502897 15911
0.0 56502897 15908
0.0 56502897 15903
0.0 56502897 15892
0.0 56502897 15886
0.0 56502897 15881
0.0 56502897 15879
0.0 56502897 15874
0.0 56502897 15871
0.0 56502897 15870
0.0 56502897 15836
0.0 56502897 15828
0.0 56502897 15827
0.0 56502897 15814
0.0 56502897 15812
0.0 56502897 15803
0.0 56502897 15790
0.0 56502897 15764
0.0 56502897 15722
0.0 56502897 15697
0.0 56502897 15656
0.0 56502897 15575
0.0 56502897 15566
0.0 56502897 15521
0.0 56502897 15520
0.0 56502897 15518
0.0 56502897 15511
0.0 56502897 15505
0.0 56502897 15499
0.0 56502897 15487
0.0 56502897 15485
0.0 56502897 15469
0.0 56502897 15461
0.0 56502897 15458
0.0 56502897 15437
0.0 56502897 15432
0.0 56502897 15417
0.0 56502897 15402
0.0 56502897 15358
0.0 56502897 15340
0.0 56502897 15308
0.0 56502897 15283
0.0 56502897 15279
0.0 56502897 15163
0.0 56502897 15159
0.0 56502897 15158
0.0 56502897 15120
0.0 56502897 15109
0.0 56502897 15057
0.0 56502897 15029
0.0 56502897 14971
0.0 56502897 14970
0.0 56502897 14929
0.0 56502897 14900
0.0 56502897 14889
0.0 56502897 14819
0.0 56502897 14765
0.0 56502897 14749
0.0 56502897 14650
0.0 56502897 14647
0.0 56502897 14636
0.0 56502897 14586
0.0 56502897 14584
0.0 56502897 14582
0.0 56502897 14542
0.0 56502897 14471
0.0 56502897 14432
0.0 56502897 14419
0.0 56502897 14388
0.0 56502897 14357
0.0 56502897 14340
0.0 56502897 14308
0.0 56502897 14214
0.0 56502897 14187
0.0 56502897 14181
0.0 56502897 14126
0.0 56502897 14019
0.0 56502897 14009
0.0 56502897 13982
0.0 56502897 13968
0.0 56502897 13960
0.0 56502897 13926
0.0 56502897 13799
0.0 56502897 13762
0.0 56502897 13756
0.0 56502897 13755
0.0 56502897 13749
0.0 56502897 13640
0.0 56502897 13402
0.0 56502897 13288
0.0 56502897 13207
0.0 56502897 13143
0.0 56502897 13091
0.0 56502897 13058
0.0 56502897 13054
0.0 56502897 12959
0.0 56502897 12850
0.0 56502897 12845
0.0 56502897 12826
0.0 56502897 12507
0.0 56502897 12330
0.0 56502897 12321
0.0 56502897 12313
0.0 56502897 12312
0.0 56502897 12266
0.0 56502897 12128
0.0 56502897 12110
0.0 56502897 11944
0.0 56502897 11651
0.0 56502897 11489
0.0 56502897 11473
0.0 56502897 11464
0.0 56502897 10816
0.0 56502897 10760
0.0 56502897 10751
0.0 56502897 10693
0.0 56502897 10541
0.0 56502897 10509
0.0 56502897 10483
0.0 56502897 10396
0.0 56502897 10378
0.0 56502897 10377
0.0 56502897 10376
0.0 56502897 9384
0.0 56502897 8835
0.0 56502897 7157

0.2433762 01f4b44e 18922
0.19155312 01f4b44e 19863
0.18776341 01f4b44e 10816
0.18594043 01f4b44e 21908
0.1499646 01f4b44e 15461
0.14253303 01f4b44e 22046
0.11614436 01f4b44e 19583
0.10725506 01f4b44e 16362
0.09949611 01f4b44e 19811
0.09224434 01f4b44e 20833
0.08974207 01f4b44e 19299
0.08511044 01f4b44e 17833
0.08315986 01f4b44e 22039
0.08166642 01f4b44e 20770
0.08106413 01f4b44e 18127
0.079311356 01f4b44e 15529
0.07752967 01f4b44e 20556
0.07147183 01f4b44e 10541
0.07111991 01f4b44e 21562
0.07016137 01f4b44e 19660
0.0665461 01f4b44e 19007
0.066184886 01f4b44e 19739
0.06593186 01f4b44e 22390
0.064819895 01f4b44e 20979
0.06417332 01f4b44e 14713
0.06380357 01f4b44e 17389
0.06380357 01f4b44e 16403
0.063497394 01f4b44e 19367
0.06311883 01f4b44e 17622
0.061532006 01f4b44e 16508
0.061424457 01f4b44e 20163
0.06125586 01f4b44e 20001
0.06081702 01f4b44e 19427
0.060793582 01f4b44e 17763
0.05960974 01f4b44e 19983
0.05940414 01f4b44e 20440
0.05924975 01f4b44e 20519
0.058412798 01f4b44e 22361
0.057751764 01f4b44e 19738
0.057360545 01f4b44e 21459
0.056370176 01f4b44e 16645
0.05636554 01f4b44e 11210
0.0561393 01f4b44e 17015
0.05607846 01f4b44e 17460
0.054943763 01f4b44e 19736
0.052838445 01f4b44e 16316
0.051879816 01f4b44e 20516
0.05160062 01f4b44e 16512
0.049840666 01f4b44e 15340
0.049814872 01f4b44e 14432
0.04947102 01f4b44e 17843
0.04945107 01f4b44e 16801
0.048710577 01f4b44e 19499
0.048511963 01f4b44e 22288
0.047661595 01f4b44e 16315
0.047479413 01f4b44e 19166
0.04714353 01f4b44e 21690
0.04708213 01f4b44e 18865
0.04643956 01f4b44e 18862
0.04545836 01f4b44e 16258
0.045398526 01f4b44e 21501
0.04532665 01f4b44e 17317
0.044990946 01f4b44e 19656
0.04487554 01f4b44e 21223
0.044224795 01f4b44e 18892
0.043769725 01f4b44e 17412
0.042712197 01f4b44e 16634
0.04224727 01f4b44e 21274
0.041650817 01f4b44e 19310
0.041641906 01f4b44e 17082
0.04106135 01f4b44e 18451
0.040857077 01f4b44e 21915
0.040787157 01f4b44e 20409
0.040720735 01f4b44e 19960
0.040613394 01f4b44e 20983
0.040498227 01f4b44e 15511
0.040088303 01f4b44e 22440
0.0400749 01f4b44e 19320
0.03985715 01f4b44e 21295
0.039765183 01f4b44e 17145
0.039379135 01f4b44e 16682
0.0393687 01f4b44e 15886
0.039363198 01f4b44e 14356
0.039176613 01f4b44e 16029
0.038791753 01f4b44e 18701
0.03828636 01f4b44e 18628
0.03828636 01f4b44e 18627
0.03774798 01f4b44e 17601
0.03747929 01f4b44e 21509
0.03735055 01f4b44e 20055
0.03728366 01f4b44e 20213
0.037052512 01f4b44e 16915
0.03700865 01f4b44e 18651
0.036890686 01f4b44e 18143
0.036846578 01f4b44e 20536
0.036846578 01f4b44e 20273
0.036396027 01f4b44e 17303
0.03639566 01f4b44e 20736
0.036052287 01f4b44e 17868
0.03562744 01f4b44e 19308
0.035566714 01f4b44e 16983
0.035371743 01f4b44e 12330
0.035189252 01f4b44e 19278
0.034934808 01f4b44e 16336
0.034906868 01f4b44e 18875
0.034844168 01f4b44e 18353
0.034835182 01f4b44e 22258
0.034421533 01f4b44e 18709
0.034365293 01f4b44e 17842
0.033961058 01f4b44e 12871
0.03366377 01f4b44e 21404
0.033582624 01f4b44e 17571
0.033573583 01f4b44e 20441
0.033483643 01f4b44e 19090
0.03307178 01f4b44e 17434
0.03306187 01f4b44e 20737
0.032604165 01f4b44e 10377
0.032308143 01f4b44e 20250
0.03213084 01f4b44e 20251
0.03206785 01f4b44e 20731
0.032048646 01f4b44e 10378
0.03192783 01f4b44e 18995
0.031803012 01f4b44e 20558
0.031382915 01f4b44e 18996
0.031308047 01f4b44e 16603
0.031279985 01f4b44e 20067
0.031219866 01f4b44e 13054
0.031064268 01f4b44e 18684
0.030903785 01f4b44e 16253
0.030757695 01f4b44e 21934
0.030403856 01f4b44e 19961
0.03030473 01f4b44e 20175
0.030161876 01f4b44e 18794
0.029586954 01f4b44e 20123
0.029574677 01f4b44e 20235
0.029562972 01f4b44e 21455
0.029353289 01f4b44e 21982
0.029350832 01f4b44e 20842
0.028993804 01f4b44e 20581
0.02889044 01f4b44e 21945
0.028698696 01f4b44e 19348
0.02868894 01f4b44e 22240
0.028572807 01f4b44e 18793
0.02841542 01f4b44e 21549
0.028278664 01f4b44e 15870
0.02822313 01f4b44e 18177
0.027955519 01f4b44e 17442
0.027881537 01f4b44e 19400
0.02779026 01f4b44e 18320
0.02756828 01f4b44e 19851
0.027546559 01f4b44e 15910
0.02742151 01f4b44e 16279
0.027310517 01f4b44e 19743
0.027310517 01f4b44e 19743
0.027245877 01f4b44e 18876
0.027185373 01f4b44e 17489
0.027056515 01f4b44e 22150
0.02679605 01f4b44e 20447
0.026412383 01f4b44e 19285
0.026405184 01f4b44e 16061
0.026381345 01f4b44e 14582
0.026212262 01f4b44e 22384
0.026027376 01f4b44e 22007
0.025908982 01f4b44e 18702
0.025902273 01f4b44e 18006
0.025626821 01f4b44e 21583
0.025462676 01f4b44e 19386
0.025444537 01f4b44e 18202
0.02538413 01f4b44e 18673
0.0253637 01f4b44e 20786
0.025252007 01f4b44e 15971
0.025219798 01f4b44e 16711
0.025186587 01f4b44e 21007
0.025160715 01f4b44e 17318
0.025142116 01f4b44e 17782
0.025004307 01f4b44e 18858
0.024860656 01f4b44e 20651
0.024835538 01f4b44e 22434
0.024796214 01f4b44e 17805
0.024696928 01f4b44e 20488
0.024490383 01f4b44e 21842
0.02448302 01f4b44e 21411
0.024456967 01f4b44e 17606
0.024453888 01f4b44e 20157
0.02414298 01f4b44e 16074
0.024112001 01f4b44e 19314
0.023994282 01f4b44e 20222
0.023964884 01f4b44e 22082
0.023934009 01f4b44e 20194
0.023862878 01f4b44e 17034
0.023732055 01f4b44e 21989
0.023690626 01f4b44e 16659
0.023624433 01f4b44e 22102
0.023617068 01f4b44e 17026
0.023595633 01f4b44e 20196
0.023584753 01f4b44e 17248
0.02356767 01f4b44e 17984
0.023519272 01f4b44e 15214
0.023449393 01f4b44e 17249
0.023385288 01f4b44e 20195
0.02337771 01f4b44e 18609
0.023369951 01f4b44e 17294
0.023358013 01f4b44e 20186
0.023346322 01f4b44e 20077
0.023345513 01f4b44e 14856
0.02334106 01f4b44e 19654
0.023326492 01f4b44e 19009
0.023241017 01f4b44e 12305
0.023202658 01f4b44e 20762
0.023068016 01f4b44e 21311
0.02303749 01f4b44e 16395
0.022930713 01f4b44e 19528
0.022899512 01f4b44e 20458
0.022691349 01f4b44e 15814
0.0226143 01f4b44e 21576
0.022533108 01f4b44e 14026
0.022379547 01f4b44e 14357
0.022223461 01f4b44e 15999
0.022125695 01f4b44e 21204
0.022088807 01f4b44e 15796
0.02180006 01f4b44e 14678
0.021757264 01f4b44e 16980
0.021564513 01f4b44e 13926
0.021485286 01f4b44e 16308
0.021419296 01f4b44e 20181
0.021340536 01f4b44e 13468
0.02125782 01f4b44e 15881
0.021199431 01f4b44e 17171
0.021163031 01f4b44e 16120
0.021121599 01f4b44e 15908
0.021093847 01f4b44e 15518
0.021063242 01f4b44e 17215
0.020892167 01f4b44e 19483
0.020736486 01f4b44e 17478
0.020683408 01f4b44e 18161
0.020590872 01f4b44e 16714
0.020576226 01f4b44e 20557
0.020567266 01f4b44e 16767
0.02055985 01f4b44e 19937
0.020453524 01f4b44e 11257
0.020437794 01f4b44e 19519
0.020420033 01f4b44e 18731
0.020420033 01f4b44e 18730
0.020415036 01f4b44e 17857
0.020208415 01f4b44e 17370
0.020103365 01f4b44e 22281
0.02004638 01f4b44e 17972
0.020000163 01f4b44e 21147
0.019998657 01f4b44e 20455
0.019982776 01f4b44e 20206
0.019974984 01f4b44e 19774
0.01968968 01f4b44e 14844
0.019634213 01f4b44e 21379
0.019568738 01f4b44e 22081
0.019536551 01f4b44e 18905
0.019443672 01f4b44e 20792
0.019423356 01f4b44e 17787
0.01922443 01f4b44e 17027
0.019178275 01f4b44e 18758
0.018911727 01f4b44e 20046
0.018874887 01f4b44e 20180
0.018811235 01f4b44e 16208
0.01879406 01f4b44e 16964
0.018630868 01f4b44e 19926
0.018622393 01f4b44e 16051
0.018562667 01f4b44e 17623
0.018551933 01f4b44e 22254
0.018546727 01f4b44e 17765
0.018525282 01f4b44e 15874
0.018482393 01f4b44e 21953
0.018420622 01f4b44e 18293
0.01837597 01f4b44e 15848
0.018299457 01f4b44e 19815
0.018246569 01f4b44e 22134
0.018214095 01f4b44e 21261
0.018183878 01f4b44e 22386
0.018148614 01f4b44e 17917
0.018078843 01f4b44e 19182
0.018049624 01f4b44e 21189
0.01803499 01f4b44e 14699
0.01796881 01f4b44e 15358
0.017953023 01f4b44e 20137
0.017938945 01f4b44e 12845
0.017842878 01f4b44e 17621
0.017738124 01f4b44e 21218
0.017722499 01f4b44e 16469
0.017639147 01f4b44e 18902
0.017486263 01f4b44e 22006
0.017444763 01f4b44e 22432
0.017420296 01f4b44e 20543
0.017412664 01f4b44e 18247
0.017386688 01f4b44e 18275
0.017289123 01f4b44e 22293
0.017282976 01f4b44e 18425
0.017237913 01f4b44e 15938
0.017166939 01f4b44e 21188
0.017053131 01f4b44e 19602
0.016990736 01f4b44e 18337
0.01677463 01f4b44e 17592
0.01672568 01f4b44e 17320
0.016695699 01f4b44e 17825
0.016635481 01f4b44e 20832
0.016507778 01f4b44e 15575
0.016483046 01f4b44e 14630
0.016435182 01f4b44e 19675
0.016408127 01f4b44e 21284
0.016397618 01f4b44e 18939
0.016313534 01f4b44e 18395
0.016149448 01f4b44e 19781
0.016070845 01f4b44e 17901
0.016021488 01f4b44e 18142
0.015791234 01f4b44e 20156
0.015748173 01f4b44e 19779
0.015680704 01f4b44e 16686
0.015678054 01f4b44e 19859
0.015606884 01f4b44e 21006
0.015519264 01f4b44e 17997
0.015347809 01f4b44e 21474
0.01533864 01f4b44e 19950
0.015321127 01f4b44e 19697
0.015224182 01f4b44e 18924
0.015121132 01f4b44e 18852
0.0151176695 01f4b44e 15108
0.015096402 01f4b44e 14503
0.01505964 01f4b44e 19433
0.015004543 01f4b44e 21713
0.014753435 01f4b44e 19134
0.014666699 01f4b44e 14340
0.014646526 01f4b44e 19249
0.014636649 01f4b44e 20028
0.014575845 01f4b44e 19301
0.014498795 01f4b44e 22291
0.014475849 01f4b44e 22079
0.014326525 01f4b44e 18929
0.014321922 01f4b44e 21333
0.014280777 01f4b44e 19056
0.0142753385 01f4b44e 19940
0.014267791 01f4b44e 20298
0.014245578 01f4b44e 19199
0.0141869085 01f4b44e 21765
0.014156463 01f4b44e 22294
0.01407994 01f4b44e 17945
0.01405249 01f4b44e 19866
0.013973845 01f4b44e 20405
0.013850659 01f4b44e 15913
0.013848099 01f4b44e 18115
0.013817043 01f4b44e 18920
0.013812745 01f4b44e 18077
0.013766694 01f4b44e 19957
0.013763858 01f4b44e 19311
0.013689687 01f4b44e 17986
0.013677625 01f4b44e 18722
0.013634667 01f4b44e 16340
0.013634667 01f4b44e 16339
0.013634667 01f4b44e 16337
0.013634667 01f4b44e 16335
0.013623563 01f4b44e 16618
0.013526116 01f4b44e 17902
0.013480973 01f4b44e 18470
0.0134711815 01f4b44e 18153
0.013448303 01f4b44e 19153
0.013401681 01f4b44e 16722
0.013326994 01f4b44e 20759
0.013287978 01f4b44e 19205
0.013179287 01f4b44e 18147
0.0131705385 01f4b44e 16944
0.013167818 01f4b44e 20010
0.013142874 01f4b44e 19598
0.013082185 01f4b44e 15521
0.0130771 01f4b44e 16725
0.012987282 01f4b44e 18365
0.012924144 01f4b44e 20827
0.012810752 01f4b44e 20244
0.0127086835 01f4b44e 18789
0.012671294 01f4b44e 15417
0.01257762 01f4b44e 16887
0.012561203 01f4b44e 16417
0.012516398 01f4b44e 17400
0.0125134215 01f4b44e 21726
0.012459026 01f4b44e 20429
0.012386079 01f4b44e 18605
0.012304375 01f4b44e 18926
0.012256367 01f4b44e 21109
0.012239353 01f4b44e 16209
0.012210495 01f4b44e 16821
0.012193857 01f4b44e 21578
0.012118617 01f4b44e 17019
0.012100677 01f4b44e 18056
0.012074143 01f4b44e 20830
0.012015967 01f4b44e 18079
0.011909602 01f4b44e 22411
0.011860056 01f4b44e 20871
0.011842839 01f4b44e 21117
0.01173938 01f4b44e 17788
0.011699166 01f4b44e 19274
0.011681522 01f4b44e 16793
0.011667605 01f4b44e 20489
0.01157617 01f4b44e 19048
0.011486462 01f4b44e 22268
0.011475611 01f4b44e 14765
0.011431947 01f4b44e 22214
0.011345887 01f4b44e 17056
0.011341918 01f4b44e 20628
0.0113322595 01f4b44e 19918
0.011216177 01f4b44e 21524
0.011196225 01f4b44e 21452
0.011196225 01f4b44e 21451
0.01118737 01f4b44e 19751
0.011186378 01f4b44e 18204
0.011168874 01f4b44e 20637
0.011156973 01f4b44e 20442
0.01110718 01f4b44e 20662
0.01107851 01f4b44e 21725
0.011007276 01f4b44e 19920
0.010987181 01f4b44e 15520
0.010888804 01f4b44e 19517
0.010825296 01f4b44e 16624
0.010780866 01f4b44e 22368
0.010776182 01f4b44e 13143
0.010669905 01f4b44e 21533
0.010655273 01f4b44e 16396
0.01064084 01f4b44e 19919
0.010598822 01f4b44e 21013
0.01052053 01f4b44e 15697
0.010516293 01f4b44e 17418
0.010421727 01f4b44e 20151
0.010402605 01f4b44e 14650
0.010323545 01f4b44e 19681
0.010248821 01f4b44e 20437
0.010139475 01f4b44e 19292
0.01009297 01f4b44e 20098
0.010018811 01f4b44e 19796
0.009991991 01f4b44e 17967
0.009959312 01f4b44e 20638
0.009929159 01f4b44e 17925
0.009925015 01f4b44e 8835
0.009858067 01f4b44e 19624
0.0098544005 01f4b44e 19647
0.00984813 01f4b44e 15608
0.009757973 01f4b44e 18258
0.00975454 01f4b44e 19441
0.009721184 01f4b44e 19850
0.009681597 01f4b44e 17497
0.009669968 01f4b44e 19686
0.0096641015 01f4b44e 21954
0.009648052 01f4b44e 18241
0.009648052 01f4b44e 18241
0.009629093 01f4b44e 18093
0.009597023 01f4b44e 19844
0.009578443 01f4b44e 22025
0.009498564 01f4b44e 22058
0.009495687 01f4b44e 16561
0.009474007 01f4b44e 21454
0.009472825 01f4b44e 17674
0.0094633745 01f4b44e 20971
0.009461281 01f4b44e 16976
0.00945603 01f4b44e 17698
0.009297488 01f4b44e 16526
0.009293113 01f4b44e 19505
0.009077476 01f4b44e 18081
0.009070566 01f4b44e 19622
0.009049142 01f4b44e 21155
0.008968446 01f4b44e 19959
0.008967782 01f4b44e 18136
0.00891392 01f4b44e 18398
0.0088969 01f4b44e 17973
0.008864298 01f4b44e 14970
0.008732878 01f4b44e 22350
0.008730138 01f4b44e 17345
0.008634429 01f4b44e 21519
0.008625213 01f4b44e 20312
0.008557797 01f4b44e 16442
0.008543319 01f4b44e 12266
0.008465369 01f4b44e 13359
0.008265663 01f4b44e 16477
0.008251292 01f4b44e 20146
0.008238391 01f4b44e 20068
0.008155924 01f4b44e 15283
0.008045147 01f4b44e 18717
0.008026518 01f4b44e 19860
0.008021087 01f4b44e 19072
0.007958843 01f4b44e 20484
0.007942053 01f4b44e 16309
0.007886831 01f4b44e 21681
0.007775207 01f4b44e 14308
0.0077746576 01f4b44e 22115
0.0077483593 01f4b44e 16192
0.00774692 01f4b44e 22334
0.0077363476 01f4b44e 16975
0.0077260123 01f4b44e 20401
0.0076889466 01f4b44e 14900
0.007667699 01f4b44e 19327
0.007643297 01f4b44e 17001
0.0075850594 01f4b44e 21884
0.007544312 01f4b44e 18856
0.00744413 01f4b44e 21897
0.0074421354 01f4b44e 14009
0.0073960307 01f4b44e 19093
0.0072528278 01f4b44e 13762
0.007229999 01f4b44e 18576
0.007229537 01f4b44e 18282
0.00719549 01f4b44e 12110
0.007144093 01f4b44e 20919
0.007123854 01f4b44e 17653
0.007121589 01f4b44e 18739
0.0070012994 01f4b44e 19251
0.0069825626 01f4b44e 22163
0.0069757244 01f4b44e 15871
0.006937708 01f4b44e 18836
0.0068196123 01f4b44e 18812
0.0067664883 01f4b44e 22243
0.006735219 01f4b44e 16292
0.006686049 01f4b44e 18928
0.00664109 01f4b44e 21933
0.0066040335 01f4b44e 21298
0.0065830164 01f4b44e 16355
0.006439851 01f4b44e 18069
0.006439851 01f4b44e 18069
0.006405716 01f4b44e 15836
0.0063979276 01f4b44e 20204
0.0063741445 01f4b44e 15854
0.0063465666 01f4b44e 18581
0.0063381703 01f4b44e 19981
0.006299643 01f4b44e 18674
0.0062811174 01f4b44e 21587
0.006096215 01f4b44e 12457
0.0060620112 01f4b44e 15934
0.0059793224 01f4b44e 16393
0.0058472175 01f4b44e 16378
0.005731771 01f4b44e 13960
0.0056419238 01f4b44e 19222
0.0054536806 01f4b44e 15469
0.005399421 01f4b44e 15722
0.0053835404 01f4b44e 19241
0.0053540436 01f4b44e 21551
0.005320464 01f4b44e 17943
0.005302309 01f4b44e 10441
0.005276518 01f4b44e 20514
0.005189692 01f4b44e 20449
0.0051546837 01f4b44e 17254
0.0051137293 01f4b44e 17756
0.0051085227 01f4b44e 21550
0.0050013484 01f4b44e 16688
0.0049732015 01f4b44e 17608
0.0047908947 01f4b44e 22074
0.004719346 01f4b44e 18861
0.004689204 01f4b44e 16119
0.004610032 01f4b44e 14647
0.0045874943 01f4b44e 13207
0.0045040506 01f4b44e 21661
0.004494473 01f4b44e 18832
0.0044160644 01f4b44e 20893
0.0042122416 01f4b44e 18376
0.0040690964 01f4b44e 21858
0.0039774748 01f4b44e 20632
0.003927206 01f4b44e 19317
0.0038860694 01f4b44e 16991
0.0038296925 01f4b44e 22438
0.0037490735 01f4b44e 12850
0.0036153402 01f4b44e 21689
0.0035526461 01f4b44e 16291
0.0034881113 01f4b44e 13799
0.0034542605 01f4b44e 18373
0.0034302503 01f4b44e 21683
0.0034178232 01f4b44e 16925
0.0032488187 01f4b44e 18366
0.0031849719 01f4b44e 18371
0.003042715 01f4b44e 19547
0.0026224218 01f4b44e 19990
0.0021234863 01f4b44e 18879
0.0020546452 01f4b44e 19536
0.0018046646 01f4b44e 18357
0.0017901933 01f4b44e 18360
0.0016125549 01f4b44e 20616
0.0013188976 01f4b44e 11089
0.0012639881 01f4b44e 18364
0.001103565 01f4b44e 18633
0.001103565 01f4b44e 18632
0.0005195889 01f4b44e 20904
0.0 01f4b44e 22443
0.0 01f4b44e 22436
0.0 01f4b44e 22423
0.0 01f4b44e 22423
0.0 01f4b44e 22410
0.0 01f4b44e 22408
0.0 01f4b44e 22397
0.0 01f4b44e 22392
0.0 01f4b44e 22355
0.0 01f4b44e 22347
0.0 01f4b44e 22333
0.0 01f4b44e 22331
0.0 01f4b44e 22323
0.0 01f4b44e 22318
0.0 01f4b44e 22310
0.0 01f4b44e 22301
0.0 01f4b44e 22284
0.0 01f4b44e 22282
0.0 01f4b44e 22278
0.0 01f4b44e 22276
0.0 01f4b44e 22272
0.0 01f4b44e 22267
0.0 01f4b44e 22253
0.0 01f4b44e 22252
0.0 01f4b44e 22247
0.0 01f4b44e 22237
0.0 01f4b44e 22211
0.0 01f4b44e 22210
0.0 01f4b44e 22207
0.0 01f4b44e 22198
0.0 01f4b44e 22193
0.0 01f4b44e 22185
0.0 01f4b44e 22183
0.0 01f4b44e 22182
0.0 01f4b44e 22179
0.0 01f4b44e 22154
0.0 01f4b44e 22138
0.0 01f4b44e 22127
0.0 01f4b44e 22111
0.0 01f4b44e 22108
0.0 01f4b44e 22103
0.0 01f4b44e 22094
0.0 01f4b44e 22090
0.0 01f4b44e 22088
0.0 01f4b44e 22078
0.0 01f4b44e 22077
0.0 01f4b44e 22075
0.0 01f4b44e 22066
0.0 01f4b44e 22061
0.0 01f4b44e 22060
0.0 01f4b44e 22055
0.0 01f4b44e 22038
0.0 01f4b44e 22036
0.0 01f4b44e 22032
0.0 01f4b44e 22027
0.0 01f4b44e 22026
0.0 01f4b44e 22022
0.0 01f4b44e 22019
0.0 01f4b44e 22015
0.0 01f4b44e 22011
0.0 01f4b44e 22008
0.0 01f4b44e 22005
0.0 01f4b44e 21988
0.0 01f4b44e 21981
0.0 01f4b44e 21978
0.0 01f4b44e 21976
0.0 01f4b44e 21973
0.0 01f4b44e 21971
0.0 01f4b44e 21964
0.0 01f4b44e 21962
0.0 01f4b44e 21959
0.0 01f4b44e 21958
0.0 01f4b44e 21957
0.0 01f4b44e 21944
0.0 01f4b44e 21939
0.0 01f4b44e 21938
0.0 01f4b44e 21921
0.0 01f4b44e 21917
0.0 01f4b44e 21913
0.0 01f4b44e 21902
0.0 01f4b44e 21895
0.0 01f4b44e 21885
0.0 01f4b44e 21878
0.0 01f4b44e 21877
0.0 01f4b44e 21866
0.0 01f4b44e 21852
0.0 01f4b44e 21844
0.0 01f4b44e 21843
0.0 01f4b44e 21839
0.0 01f4b44e 21821
0.0 01f4b44e 21819
0.0 01f4b44e 21818
0.0 01f4b44e 21814
0.0 01f4b44e 21808
0.0 01f4b44e 21798
0.0 01f4b44e 21796
0.0 01f4b44e 21780
0.0 01f4b44e 21764
0.0 01f4b44e 21753
0.0 01f4b44e 21749
0.0 01f4b44e 21741
0.0 01f4b44e 21723
0.0 01f4b44e 21722
0.0 01f4b44e 21707
0.0 01f4b44e 21706
0.0 01f4b44e 21698
0.0 01f4b44e 21697
0.0 01f4b44e 21686
0.0 01f4b44e 21677
0.0 01f4b44e 21676
0.0 01f4b44e 21675
0.0 01f4b44e 21659
0.0 01f4b44e 21658
0.0 01f4b44e 21653
0.0 01f4b44e 21641
0.0 01f4b44e 21621
0.0 01f4b44e 21607
0.0 01f4b44e 21606
0.0 01f4b44e 21603
0.0 01f4b44e 21586
0.0 01f4b44e 21579
0.0 01f4b44e 21539
0.0 01f4b44e 21535
0.0 01f4b44e 21530
0.0 01f4b44e 21517
0.0 01f4b44e 21515
0.0 01f4b44e 21513
0.0 01f4b44e 21512
0.0 01f4b44e 21505
0.0 01f4b44e 21497
0.0 01f4b44e 21440
0.0 01f4b44e 21412
0.0 01f4b44e 21401
0.0 01f4b44e 21384
0.0 01f4b44e 21381
0.0 01f4b44e 21378
0.0 01f4b44e 21363
0.0 01f4b44e 21349
0.0 01f4b44e 21327
0.0 01f4b44e 21312
0.0 01f4b44e 21310
0.0 01f4b44e 21307
0.0 01f4b44e 21300
0.0 01f4b44e 21282
0.0 01f4b44e 21272
0.0 01f4b44e 21255
0.0 01f4b44e 21244
0.0 01f4b44e 21236
0.0 01f4b44e 21219
0.0 01f4b44e 21216
0.0 01f4b44e 21197
0.0 01f4b44e 21190
0.0 01f4b44e 21186
0.0 01f4b44e 21183
0.0 01f4b44e 21181
0.0 01f4b44e 21178
0.0 01f4b44e 21177
0.0 01f4b44e 21176
0.0 01f4b44e 21173
0.0 01f4b44e 21170
0.0 01f4b44e 21168
0.0 01f4b44e 21167
0.0 01f4b44e 21163
0.0 01f4b44e 21153
0.0 01f4b44e 21151
0.0 01f4b44e 21145
0.0 01f4b44e 21140
0.0 01f4b44e 21131
0.0 01f4b44e 21127
0.0 01f4b44e 21125
0.0 01f4b44e 21118
0.0 01f4b44e 21107
0.0 01f4b44e 21079
0.0 01f4b44e 21066
0.0 01f4b44e 21058
0.0 01f4b44e 21050
0.0 01f4b44e 21040
0.0 01f4b44e 21035
0.0 01f4b44e 21019
0.0 01f4b44e 21010
0.0 01f4b44e 20994
0.0 01f4b44e 20990
0.0 01f4b44e 20968
0.0 01f4b44e 20967
0.0 01f4b44e 20957
0.0 01f4b44e 20949
0.0 01f4b44e 20943
0.0 01f4b44e 20932
0.0 01f4b44e 20930
0.0 01f4b44e 20929
0.0 01f4b44e 20927
0.0 01f4b44e 20922
0.0 01f4b44e 20900
0.0 01f4b44e 20892
0.0 01f4b44e 20890
0.0 01f4b44e 20880
0.0 01f4b44e 20869
0.0 01f4b44e 20852
0.0 01f4b44e 20848
0.0 01f4b44e 20843
0.0 01f4b44e 20839
0.0 01f4b44e 20829
0.0 01f4b44e 20824
0.0 01f4b44e 20810
0.0 01f4b44e 20807
0.0 01f4b44e 20806
0.0 01f4b44e 20801
0.0 01f4b44e 20799
0.0 01f4b44e 20797
0.0 01f4b44e 20790
0.0 01f4b44e 20784
0.0 01f4b44e 20782
0.0 01f4b44e 20780
0.0 01f4b44e 20764
0.0 01f4b44e 20751
0.0 01f4b44e 20734
0.0 01f4b44e 20708
0.0 01f4b44e 20680
0.0 01f4b44e 20669
0.0 01f4b44e 20664
0.0 01f4b44e 20654
0.0 01f4b44e 20639
0.0 01f4b44e 20629
0.0 01f4b44e 20624
0.0 01f4b44e 20621
0.0 01f4b44e 20620
0.0 01f4b44e 20619
0.0 01f4b44e 20615
0.0 01f4b44e 20588
0.0 01f4b44e 20587
0.0 01f4b44e 20586
0.0 01f4b44e 20585
0.0 01f4b44e 20572
0.0 01f4b44e 20564
0.0 01f4b44e 20563
0.0 01f4b44e 20562
0.0 01f4b44e 20561
0.0 01f4b44e 20554
0.0 01f4b44e 20553
0.0 01f4b44e 20547
0.0 01f4b44e 20537
0.0 01f4b44e 20530
0.0 01f4b44e 20528
0.0 01f4b44e 20521
0.0 01f4b44e 20504
0.0 01f4b44e 20503
0.0 01f4b44e 20501
0.0 01f4b44e 20473
0.0 01f4b44e 20471
0.0 01f4b44e 20470
0.0 01f4b44e 20460
0.0 01f4b44e 20457
0.0 01f4b44e 20454
0.0 01f4b44e 20425
0.0 01f4b44e 20412
0.0 01f4b44e 20406
0.0 01f4b44e 20387
0.0 01f4b44e 20386
0.0 01f4b44e 20385
0.0 01f4b44e 20383
0.0 01f4b44e 20378
0.0 01f4b44e 20369
0.0 01f4b44e 20316
0.0 01f4b44e 20314
0.0 01f4b44e 20306
0.0 01f4b44e 20295
0.0 01f4b44e 20284
0.0 01f4b44e 20283
0.0 01f4b44e 20282
0.0 01f4b44e 20275
0.0 01f4b44e 20257
0.0 01f4b44e 20254
0.0 01f4b44e 20253
0.0 01f4b44e 20252
0.0 01f4b44e 20245
0.0 01f4b44e 20243
0.0 01f4b44e 20226
0.0 01f4b44e 20224
0.0 01f4b44e 20209
0.0 01f4b44e 20208
0.0 01f4b44e 20202
0.0 01f4b44e 20201
0.0 01f4b44e 20191
0.0 01f4b44e 20190
0.0 01f4b44e 20183
0.0 01f4b44e 20174
0.0 01f4b44e 20173
0.0 01f4b44e 20160
0.0 01f4b44e 20148
0.0 01f4b44e 20147
0.0 01f4b44e 20139
0.0 01f4b44e 20132
0.0 01f4b44e 20127
0.0 01f4b44e 20121
0.0 01f4b44e 20109
0.0 01f4b44e 20107
0.0 01f4b44e 20093
0.0 01f4b44e 20087
0.0 01f4b44e 20087
0.0 01f4b44e 20086
0.0 01f4b44e 20086
0.0 01f4b44e 20085
0.0 01f4b44e 20076
0.0 01f4b44e 20052
0.0 01f4b44e 20035
0.0 01f4b44e 20034
0.0 01f4b44e 20033
0.0 01f4b44e 20020
0.0 01f4b44e 20018
0.0 01f4b44e 20013
0.0 01f4b44e 20005
0.0 01f4b44e 19998
0.0 01f4b44e 19967
0.0 01f4b44e 19965
0.0 01f4b44e 19965
0.0 01f4b44e 19958
0.0 01f4b44e 19954
0.0 01f4b44e 19935
0.0 01f4b44e 19930
0.0 01f4b44e 19929
0.0 01f4b44e 19923
0.0 01f4b44e 19917
0.0 01f4b44e 19912
0.0 01f4b44e 19910
0.0 01f4b44e 19905
0.0 01f4b44e 19904
0.0 01f4b44e 19901
0.0 01f4b44e 19900
0.0 01f4b44e 19892
0.0 01f4b44e 19890
0.0 01f4b44e 19883
0.0 01f4b44e 19875
0.0 01f4b44e 19874
0.0 01f4b44e 19872
0.0 01f4b44e 19868
0.0 01f4b44e 19865
0.0 01f4b44e 19861
0.0 01f4b44e 19856
0.0 01f4b44e 19843
0.0 01f4b44e 19841
0.0 01f4b44e 19839
0.0 01f4b44e 19836
0.0 01f4b44e 19833
0.0 01f4b44e 19820
0.0 01f4b44e 19819
0.0 01f4b44e 19818
0.0 01f4b44e 19817
0.0 01f4b44e 19816
0.0 01f4b44e 19799
0.0 01f4b44e 19785
0.0 01f4b44e 19784
0.0 01f4b44e 19762
0.0 01f4b44e 19761
0.0 01f4b44e 19760
0.0 01f4b44e 19756
0.0 01f4b44e 19746
0.0 01f4b44e 19735
0.0 01f4b44e 19731
0.0 01f4b44e 19729
0.0 01f4b44e 19725
0.0 01f4b44e 19700
0.0 01f4b44e 19695
0.0 01f4b44e 19694
0.0 01f4b44e 19688
0.0 01f4b44e 19678
0.0 01f4b44e 19674
0.0 01f4b44e 19671
0.0 01f4b44e 19668
0.0 01f4b44e 19665
0.0 01f4b44e 19652
0.0 01f4b44e 19651
0.0 01f4b44e 19648
0.0 01f4b44e 19636
0.0 01f4b44e 19635
0.0 01f4b44e 19632
0.0 01f4b44e 19606
0.0 01f4b44e 19603
0.0 01f4b44e 19600
0.0 01f4b44e 19597
0.0 01f4b44e 19585
0.0 01f4b44e 19581
0.0 01f4b44e 19576
0.0 01f4b44e 19550
0.0 01f4b44e 19548
0.0 01f4b44e 19525
0.0 01f4b44e 19516
0.0 01f4b44e 19515
0.0 01f4b44e 19511
0.0 01f4b44e 19501
0.0 01f4b44e 19500
0.0 01f4b44e 19481
0.0 01f4b44e 19480
0.0 01f4b44e 19473
0.0 01f4b44e 19472
0.0 01f4b44e 19470
0.0 01f4b44e 19464
0.0 01f4b44e 19454
0.0 01f4b44e 19453
0.0 01f4b44e 19450
0.0 01f4b44e 19446
0.0 01f4b44e 19445
0.0 01f4b44e 19440
0.0 01f4b44e 19439
0.0 01f4b44e 19429
0.0 01f4b44e 19421
0.0 01f4b44e 19419
0.0 01f4b44e 19411
0.0 01f4b44e 19407
0.0 01f4b44e 19406
0.0 01f4b44e 19404
0.0 01f4b44e 19401
0.0 01f4b44e 19398
0.0 01f4b44e 19394
0.0 01f4b44e 19393
0.0 01f4b44e 19392
0.0 01f4b44e 19391
0.0 01f4b44e 19390
0.0 01f4b44e 19370
0.0 01f4b44e 19366
0.0 01f4b44e 19361
0.0 01f4b44e 19359
0.0 01f4b44e 19352
0.0 01f4b44e 19347
0.0 01f4b44e 19342
0.0 01f4b44e 19335
0.0 01f4b44e 19332
0.0 01f4b44e 19322
0.0 01f4b44e 19300
0.0 01f4b44e 19300
0.0 01f4b44e 19287
0.0 01f4b44e 19284
0.0 01f4b44e 19282
0.0 01f4b44e 19277
0.0 01f4b44e 19276
0.0 01f4b44e 19275
0.0 01f4b44e 19273
0.0 01f4b44e 19269
0.0 01f4b44e 19268
0.0 01f4b44e 19255
0.0 01f4b44e 19240
0.0 01f4b44e 19237
0.0 01f4b44e 19236
0.0 01f4b44e 19234
0.0 01f4b44e 19233
0.0 01f4b44e 19218
0.0 01f4b44e 19216
0.0 01f4b44e 19213
0.0 01f4b44e 19211
0.0 01f4b44e 19203
0.0 01f4b44e 19201
0.0 01f4b44e 19181
0.0 01f4b44e 19179
0.0 01f4b44e 19178
0.0 01f4b44e 19176
0.0 01f4b44e 19164
0.0 01f4b44e 19158
0.0 01f4b44e 19136
0.0 01f4b44e 19130
0.0 01f4b44e 19117
0.0 01f4b44e 19081
0.0 01f4b44e 19058
0.0 01f4b44e 19049
0.0 01f4b44e 19045
0.0 01f4b44e 19044
0.0 01f4b44e 19038
0.0 01f4b44e 19033
0.0 01f4b44e 19030
0.0 01f4b44e 19029
0.0 01f4b44e 19023
0.0 01f4b44e 19022
0.0 01f4b44e 19021
0.0 01f4b44e 19004
0.0 01f4b44e 18997
0.0 01f4b44e 18990
0.0 01f4b44e 18976
0.0 01f4b44e 18975
0.0 01f4b44e 18967
0.0 01f4b44e 18942
0.0 01f4b44e 18941
0.0 01f4b44e 18918
0.0 01f4b44e 18913
0.0 01f4b44e 18907
0.0 01f4b44e 18906
0.0 01f4b44e 18904
0.0 01f4b44e 18903
0.0 01f4b44e 18899
0.0 01f4b44e 18891
0.0 01f4b44e 18881
0.0 01f4b44e 18874
0.0 01f4b44e 18873
0.0 01f4b44e 18868
0.0 01f4b44e 18860
0.0 01f4b44e 18848
0.0 01f4b44e 18847
0.0 01f4b44e 18842
0.0 01f4b44e 18841
0.0 01f4b44e 18816
0.0 01f4b44e 18808
0.0 01f4b44e 18805
0.0 01f4b44e 18803
0.0 01f4b44e 18799
0.0 01f4b44e 18791
0.0 01f4b44e 18779
0.0 01f4b44e 18777
0.0 01f4b44e 18774
0.0 01f4b44e 18773
0.0 01f4b44e 18766
0.0 01f4b44e 18747
0.0 01f4b44e 18737
0.0 01f4b44e 18725
0.0 01f4b44e 18719
0.0 01f4b44e 18699
0.0 01f4b44e 18698
0.0 01f4b44e 18697
0.0 01f4b44e 18679
0.0 01f4b44e 18671
0.0 01f4b44e 18670
0.0 01f4b44e 18666
0.0 01f4b44e 18660
0.0 01f4b44e 18657
0.0 01f4b44e 18654
0.0 01f4b44e 18647
0.0 01f4b44e 18646
0.0 01f4b44e 18641
0.0 01f4b44e 18638
0.0 01f4b44e 18634
0.0 01f4b44e 18630
0.0 01f4b44e 18629
0.0 01f4b44e 18626
0.0 01f4b44e 18624
0.0 01f4b44e 18622
0.0 01f4b44e 18615
0.0 01f4b44e 18614
0.0 01f4b44e 18595
0.0 01f4b44e 18593
0.0 01f4b44e 18592
0.0 01f4b44e 18591
0.0 01f4b44e 18587
0.0 01f4b44e 18575
0.0 01f4b44e 18573
0.0 01f4b44e 18555
0.0 01f4b44e 18554
0.0 01f4b44e 18552
0.0 01f4b44e 18545
0.0 01f4b44e 18541
0.0 01f4b44e 18539
0.0 01f4b44e 18533
0.0 01f4b44e 18531
0.0 01f4b44e 18524
0.0 01f4b44e 18523
0.0 01f4b44e 18520
0.0 01f4b44e 18514
0.0 01f4b44e 18512
0.0 01f4b44e 18511
0.0 01f4b44e 18510
0.0 01f4b44e 18507
0.0 01f4b44e 18503
0.0 01f4b44e 18502
0.0 01f4b44e 18499
0.0 01f4b44e 18496
0.0 01f4b44e 18494
0.0 01f4b44e 18483
0.0 01f4b44e 18481
0.0 01f4b44e 18480
0.0 01f4b44e 18469
0.0 01f4b44e 18467
0.0 01f4b44e 18465
0.0 01f4b44e 18462
0.0 01f4b44e 18458
0.0 01f4b44e 18453
0.0 01f4b44e 18446
0.0 01f4b44e 18444
0.0 01f4b44e 18432
0.0 01f4b44e 18429
0.0 01f4b44e 18424
0.0 01f4b44e 18417
0.0 01f4b44e 18416
0.0 01f4b44e 18413
0.0 01f4b44e 18410
0.0 01f4b44e 18401
0.0 01f4b44e 18400
0.0 01f4b44e 18399
0.0 01f4b44e 18397
0.0 01f4b44e 18394
0.0 01f4b44e 18381
0.0 01f4b44e 18380
0.0 01f4b44e 18370
0.0 01f4b44e 18369
0.0 01f4b44e 18368
0.0 01f4b44e 18367
0.0 01f4b44e 18362
0.0 01f4b44e 18361
0.0 01f4b44e 18351
0.0 01f4b44e 18347
0.0 01f4b44e 18331
0.0 01f4b44e 18326
0.0 01f4b44e 18323
0.0 01f4b44e 18318
0.0 01f4b44e 18311
0.0 01f4b44e 18305
0.0 01f4b44e 18296
0.0 01f4b44e 18284
0.0 01f4b44e 18283
0.0 01f4b44e 18269
0.0 01f4b44e 18263
0.0 01f4b44e 18260
0.0 01f4b44e 18254
0.0 01f4b44e 18252
0.0 01f4b44e 18251
0.0 01f4b44e 18250
0.0 01f4b44e 18236
0.0 01f4b44e 18230
0.0 01f4b44e 18215
0.0 01f4b44e 18213
0.0 01f4b44e 18211
0.0 01f4b44e 18206
0.0 01f4b44e 18199
0.0 01f4b44e 18198
0.0 01f4b44e 18195
0.0 01f4b44e 18190
0.0 01f4b44e 18188
0.0 01f4b44e 18180
0.0 01f4b44e 18179
0.0 01f4b44e 18178
0.0 01f4b44e 18175
0.0 01f4b44e 18159
0.0 01f4b44e 18154
0.0 01f4b44e 18151
0.0 01f4b44e 18141
0.0 01f4b44e 18129
0.0 01f4b44e 18109
0.0 01f4b44e 18103
0.0 01f4b44e 18103
0.0 01f4b44e 18100
0.0 01f4b44e 18099
0.0 01f4b44e 18096
0.0 01f4b44e 18094
0.0 01f4b44e 18086
0.0 01f4b44e 18080
0.0 01f4b44e 18074
0.0 01f4b44e 18071
0.0 01f4b44e 18062
0.0 01f4b44e 18057
0.0 01f4b44e 18052
0.0 01f4b44e 18050
0.0 01f4b44e 18048
0.0 01f4b44e 18041
0.0 01f4b44e 18034
0.0 01f4b44e 18033
0.0 01f4b44e 18019
0.0 01f4b44e 18013
0.0 01f4b44e 18011
0.0 01f4b44e 17988
0.0 01f4b44e 17981
0.0 01f4b44e 17980
0.0 01f4b44e 17975
0.0 01f4b44e 17974
0.0 01f4b44e 17954
0.0 01f4b44e 17946
0.0 01f4b44e 17936
0.0 01f4b44e 17935
0.0 01f4b44e 17931
0.0 01f4b44e 17920
0.0 01f4b44e 17919
0.0 01f4b44e 17918
0.0 01f4b44e 17912
0.0 01f4b44e 17899
0.0 01f4b44e 17898
0.0 01f4b44e 17897
0.0 01f4b44e 17893
0.0 01f4b44e 17892
0.0 01f4b44e 17891
0.0 01f4b44e 17890
0.0 01f4b44e 17884
0.0 01f4b44e 17873
0.0 01f4b44e 17872
0.0 01f4b44e 17870
0.0 01f4b44e 17865
0.0 01f4b44e 17862
0.0 01f4b44e 17859
0.0 01f4b44e 17850
0.0 01f4b44e 17848
0.0 01f4b44e 17845
0.0 01f4b44e 17838
0.0 01f4b44e 17828
0.0 01f4b44e 17823
0.0 01f4b44e 17821
0.0 01f4b44e 17812
0.0 01f4b44e 17808
0.0 01f4b44e 17795
0.0 01f4b44e 17792
0.0 01f4b44e 17791
0.0 01f4b44e 17785
0.0 01f4b44e 17783
0.0 01f4b44e 17769
0.0 01f4b44e 17764
0.0 01f4b44e 17760
0.0 01f4b44e 17754
0.0 01f4b44e 17746
0.0 01f4b44e 17741
0.0 01f4b44e 17739
0.0 01f4b44e 17738
0.0 01f4b44e 17730
0.0 01f4b44e 17729
0.0 01f4b44e 17726
0.0 01f4b44e 17718
0.0 01f4b44e 17714
0.0 01f4b44e 17710
0.0 01f4b44e 17709
0.0 01f4b44e 17707
0.0 01f4b44e 17706
0.0 01f4b44e 17705
0.0 01f4b44e 17692
0.0 01f4b44e 17690
0.0 01f4b44e 17686
0.0 01f4b44e 17678
0.0 01f4b44e 17677
0.0 01f4b44e 17676
0.0 01f4b44e 17673
0.0 01f4b44e 17668
0.0 01f4b44e 17651
0.0 01f4b44e 17650
0.0 01f4b44e 17646
0.0 01f4b44e 17643
0.0 01f4b44e 17642
0.0 01f4b44e 17632
0.0 01f4b44e 17630
0.0 01f4b44e 17628
0.0 01f4b44e 17626
0.0 01f4b44e 17619
0.0 01f4b44e 17607
0.0 01f4b44e 17599
0.0 01f4b44e 17598
0.0 01f4b44e 17595
0.0 01f4b44e 17591
0.0 01f4b44e 17589
0.0 01f4b44e 17582
0.0 01f4b44e 17581
0.0 01f4b44e 17575
0.0 01f4b44e 17565
0.0 01f4b44e 17562
0.0 01f4b44e 17554
0.0 01f4b44e 17553
0.0 01f4b44e 17547
0.0 01f4b44e 17546
0.0 01f4b44e 17542
0.0 01f4b44e 17541
0.0 01f4b44e 17538
0.0 01f4b44e 17515
0.0 01f4b44e 17514
0.0 01f4b44e 17507
0.0 01f4b44e 17504
0.0 01f4b44e 17498
0.0 01f4b44e 17492
0.0 01f4b44e 17491
0.0 01f4b44e 17487
0.0 01f4b44e 17486
0.0 01f4b44e 17481
0.0 01f4b44e 17479
0.0 01f4b44e 17471
0.0 01f4b44e 17461
0.0 01f4b44e 17459
0.0 01f4b44e 17448
0.0 01f4b44e 17443
0.0 01f4b44e 17439
0.0 01f4b44e 17429
0.0 01f4b44e 17425
0.0 01f4b44e 17421
0.0 01f4b44e 17417
0.0 01f4b44e 17415
0.0 01f4b44e 17413
0.0 01f4b44e 17411
0.0 01f4b44e 17404
0.0 01f4b44e 17401
0.0 01f4b44e 17399
0.0 01f4b44e 17398
0.0 01f4b44e 17396
0.0 01f4b44e 17395
0.0 01f4b44e 17376
0.0 01f4b44e 17368
0.0 01f4b44e 17365
0.0 01f4b44e 17357
0.0 01f4b44e 17331
0.0 01f4b44e 17329
0.0 01f4b44e 17327
0.0 01f4b44e 17324
0.0 01f4b44e 17322
0.0 01f4b44e 17311
0.0 01f4b44e 17310
0.0 01f4b44e 17308
0.0 01f4b44e 17305
0.0 01f4b44e 17304
0.0 01f4b44e 17302
0.0 01f4b44e 17299
0.0 01f4b44e 17297
0.0 01f4b44e 17295
0.0 01f4b44e 17293
0.0 01f4b44e 17287
0.0 01f4b44e 17280
0.0 01f4b44e 17279
0.0 01f4b44e 17263
0.0 01f4b44e 17250
0.0 01f4b44e 17240
0.0 01f4b44e 17238
0.0 01f4b44e 17236
0.0 01f4b44e 17234
0.0 01f4b44e 17231
0.0 01f4b44e 17230
0.0 01f4b44e 17226
0.0 01f4b44e 17225
0.0 01f4b44e 17222
0.0 01f4b44e 17219
0.0 01f4b44e 17211
0.0 01f4b44e 17209
0.0 01f4b44e 17205
0.0 01f4b44e 17204
0.0 01f4b44e 17202
0.0 01f4b44e 17200
0.0 01f4b44e 17190
0.0 01f4b44e 17186
0.0 01f4b44e 17183
0.0 01f4b44e 17181
0.0 01f4b44e 17176
0.0 01f4b44e 17175
0.0 01f4b44e 17169
0.0 01f4b44e 17168
0.0 01f4b44e 17165
0.0 01f4b44e 17164
0.0 01f4b44e 17158
0.0 01f4b44e 17155
0.0 01f4b44e 17154
0.0 01f4b44e 17150
0.0 01f4b44e 17136
0.0 01f4b44e 17135
0.0 01f4b44e 17133
0.0 01f4b44e 17128
0.0 01f4b44e 17124
0.0 01f4b44e 17123
0.0 01f4b44e 17118
0.0 01f4b44e 17113
0.0 01f4b44e 17112
0.0 01f4b44e 17110
0.0 01f4b44e 17106
0.0 01f4b44e 17100
0.0 01f4b44e 17080
0.0 01f4b44e 17074
0.0 01f4b44e 17073
0.0 01f4b44e 17066
0.0 01f4b44e 17065
0.0 01f4b44e 17041
0.0 01f4b44e 17033
0.0 01f4b44e 17032
0.0 01f4b44e 17031
0.0 01f4b44e 17030
0.0 01f4b44e 17029
0.0 01f4b44e 17028
0.0 01f4b44e 17025
0.0 01f4b44e 17022
0.0 01f4b44e 17016
0.0 01f4b44e 17007
0.0 01f4b44e 17005
0.0 01f4b44e 16974
0.0 01f4b44e 16972
0.0 01f4b44e 16969
0.0 01f4b44e 16963
0.0 01f4b44e 16962
0.0 01f4b44e 16957
0.0 01f4b44e 16955
0.0 01f4b44e 16951
0.0 01f4b44e 16948
0.0 01f4b44e 16943
0.0 01f4b44e 16942
0.0 01f4b44e 16931
0.0 01f4b44e 16924
0.0 01f4b44e 16922
0.0 01f4b44e 16917
0.0 01f4b44e 16913
0.0 01f4b44e 16911
0.0 01f4b44e 16905
0.0 01f4b44e 16904
0.0 01f4b44e 16900
0.0 01f4b44e 16892
0.0 01f4b44e 16889
0.0 01f4b44e 16886
0.0 01f4b44e 16883
0.0 01f4b44e 16875
0.0 01f4b44e 16866
0.0 01f4b44e 16865
0.0 01f4b44e 16860
0.0 01f4b44e 16842
0.0 01f4b44e 16838
0.0 01f4b44e 16836
0.0 01f4b44e 16833
0.0 01f4b44e 16822
0.0 01f4b44e 16820
0.0 01f4b44e 16818
0.0 01f4b44e 16813
0.0 01f4b44e 16806
0.0 01f4b44e 16804
0.0 01f4b44e 16792
0.0 01f4b44e 16789
0.0 01f4b44e 16783
0.0 01f4b44e 16775
0.0 01f4b44e 16774
0.0 01f4b44e 16770
0.0 01f4b44e 16768
0.0 01f4b44e 16764
0.0 01f4b44e 16756
0.0 01f4b44e 16751
0.0 01f4b44e 16747
0.0 01f4b44e 16744
0.0 01f4b44e 16741
0.0 01f4b44e 16734
0.0 01f4b44e 16716
0.0 01f4b44e 16709
0.0 01f4b44e 16705
0.0 01f4b44e 16703
0.0 01f4b44e 16693
0.0 01f4b44e 16680
0.0 01f4b44e 16658
0.0 01f4b44e 16648
0.0 01f4b44e 16640
0.0 01f4b44e 16636
0.0 01f4b44e 16608
0.0 01f4b44e 16600
0.0 01f4b44e 16593
0.0 01f4b44e 16592
0.0 01f4b44e 16591
0.0 01f4b44e 16587
0.0 01f4b44e 16586
0.0 01f4b44e 16578
0.0 01f4b44e 16569
0.0 01f4b44e 16568
0.0 01f4b44e 16567
0.0 01f4b44e 16563
0.0 01f4b44e 16558
0.0 01f4b44e 16557
0.0 01f4b44e 16532
0.0 01f4b44e 16531
0.0 01f4b44e 16524
0.0 01f4b44e 16521
0.0 01f4b44e 16518
0.0 01f4b44e 16515
0.0 01f4b44e 16513
0.0 01f4b44e 16503
0.0 01f4b44e 16502
0.0 01f4b44e 16497
0.0 01f4b44e 16495
0.0 01f4b44e 16485
0.0 01f4b44e 16483
0.0 01f4b44e 16481
0.0 01f4b44e 16473
0.0 01f4b44e 16471
0.0 01f4b44e 16466
0.0 01f4b44e 16461
0.0 01f4b44e 16444
0.0 01f4b44e 16443
0.0 01f4b44e 16441
0.0 01f4b44e 16433
0.0 01f4b44e 16425
0.0 01f4b44e 16423
0.0 01f4b44e 16422
0.0 01f4b44e 16420
0.0 01f4b44e 16418
0.0 01f4b44e 16409
0.0 01f4b44e 16391
0.0 01f4b44e 16385
0.0 01f4b44e 16384
0.0 01f4b44e 16383
0.0 01f4b44e 16382
0.0 01f4b44e 16381
0.0 01f4b44e 16375
0.0 01f4b44e 16367
0.0 01f4b44e 16344
0.0 01f4b44e 16343
0.0 01f4b44e 16318
0.0 01f4b44e 16311
0.0 01f4b44e 16289
0.0 01f4b44e 16275
0.0 01f4b44e 16268
0.0 01f4b44e 16252
0.0 01f4b44e 16251
0.0 01f4b44e 16240
0.0 01f4b44e 16228
0.0 01f4b44e 16227
0.0 01f4b44e 16225
0.0 01f4b44e 16217
0.0 01f4b44e 16216
0.0 01f4b44e 16215
0.0 01f4b44e 16212
0.0 01f4b44e 16210
0.0 01f4b44e 16201
0.0 01f4b44e 16199
0.0 01f4b44e 16175
0.0 01f4b44e 16174
0.0 01f4b44e 16145
0.0 01f4b44e 16137
0.0 01f4b44e 16135
0.0 01f4b44e 16130
0.0 01f4b44e 16122
0.0 01f4b44e 16078
0.0 01f4b44e 16077
0.0 01f4b44e 16076
0.0 01f4b44e 16069
0.0 01f4b44e 16068
0.0 01f4b44e 16050
0.0 01f4b44e 16033
0.0 01f4b44e 16021
0.0 01f4b44e 16019
0.0 01f4b44e 16016
0.0 01f4b44e 16002
0.0 01f4b44e 15985
0.0 01f4b44e 15949
0.0 01f4b44e 15942
0.0 01f4b44e 15939
0.0 01f4b44e 15935
0.0 01f4b44e 15924
0.0 01f4b44e 15911
0.0 01f4b44e 15903
0.0 01f4b44e 15892
0.0 01f4b44e 15879
0.0 01f4b44e 15828
0.0 01f4b44e 15827
0.0 01f4b44e 15812
0.0 01f4b44e 15803
0.0 01f4b44e 15790
0.0 01f4b44e 15764
0.0 01f4b44e 15656
0.0 01f4b44e 15566
0.0 01f4b44e 15505
0.0 01f4b44e 15499
0.0 01f4b44e 15487
0.0 01f4b44e 15485
0.0 01f4b44e 15458
0.0 01f4b44e 15437
0.0 01f4b44e 15432
0.0 01f4b44e 15402
0.0 01f4b44e 15308
0.0 01f4b44e 15279
0.0 01f4b44e 15163
0.0 01f4b44e 15159
0.0 01f4b44e 15158
0.0 01f4b44e 15120
0.0 01f4b44e 15109
0.0 01f4b44e 15057
0.0 01f4b44e 15029
0.0 01f4b44e 14971
0.0 01f4b44e 14929
0.0 01f4b44e 14889
0.0 01f4b44e 14819
0.0 01f4b44e 14749
0.0 01f4b44e 14636
0.0 01f4b44e 14586
0.0 01f4b44e 14584
0.0 01f4b44e 14542
0.0 01f4b44e 14471
0.0 01f4b44e 14419
0.0 01f4b44e 14388
0.0 01f4b44e 14214
0.0 01f4b44e 14187
0.0 01f4b44e 14181
0.0 01f4b44e 14126
0.0 01f4b44e 14019
0.0 01f4b44e 13982
0.0 01f4b44e 13968
0.0 01f4b44e 13756
0.0 01f4b44e 13755
0.0 01f4b44e 13749
0.0 01f4b44e 13640
0.0 01f4b44e 13402
0.0 01f4b44e 13288
0.0 01f4b44e 13091
0.0 01f4b44e 13058
0.0 01f4b44e 12959
0.0 01f4b44e 12826
0.0 01f4b44e 12507
0.0 01f4b44e 12321
0.0 01f4b44e 12313
0.0 01f4b44e 12312
0.0 01f4b44e 12128
0.0 01f4b44e 11944
0.0 01f4b44e 11651
0.0 01f4b44e 11489
0.0 01f4b44e 11473
0.0 01f4b44e 11464
0.0 01f4b44e 10760
0.0 01f4b44e 10751
0.0 01f4b44e 10693
0.0 01f4b44e 10509
0.0 01f4b44e 10483
0.0 01f4b44e 10396
0.0 01f4b44e 10376
0.0 01f4b44e 9384
0.0 01f4b44e 7157

