22472
22443
22440
22438
22436
22434
22432
22423
22423
22411
22410
22408
22397
22392
22390
22386
22384
22368
22361
22355
22350
22347
22334
22333
22331
22323
22322
22318
22310
22301
22294
22293
22291
22288
22284
22282
22281
22278
22276
22272
22268
22267
22258
22254
22253
22252
22248
22247
22243
22241
22240
22237
22214
22212
22211
22210
22207
22198
22194
22193
22185
22183
22182
22179
22163
22154
22150
22138
22134
22127
22115
22111
22108
22103
22102
22094
22090
22088
22082
22081
22079
22078
22077
22075
22074
22066
22061
22060
22058
22055
22046
22039
22038
22036
22032
22027
22026
22025
22022
22019
22015
22011
22008
22007
22006
22005
22000
21989
21988
21982
21981
21978
21976
21973
21971
21964
21962
21959
21958
21957
21954
21953
21945
21944
21939
21938
21934
21933
21927
21921
21919
21917
21915
21913
21908
21902
21897
21895
21885
21884
21878
21877
21866
21858
21852
21844
21843
21842
21839
21825
21823
21821
21819
21818
21814
21808
21798
21796
21780
21765
21764
21755
21753
21749
21741
21726
21725
21723
21722
21713
21707
21706
21698
21697
21690
21689
21686
21683
21681
21677
21676
21675
21661
21659
21658
21653
21641
21621
21607
21606
21603
21587
21586
21583
21579
21578
21576
21562
21551
21550
21549
21539
21535
21533
21530
21524
21519
21517
21515
21513
21512
21509
21505
21501
21497
21495
21491
21474
21459
21455
21454
21452
21451
21440
21412
21411
21404
21401
21384
21381
21379
21378
21363
21349
21333
21327
21312
21311
21310
21307
21300
21298
21295
21284
21282
21274
21272
21261
21255
21244
21236
21223
21219
21218
21216
21204
21197
21190
21189
21188
21186
21183
21181
21178
21177
21176
21173
21170
21168
21167
21163
21155
21153
21151
21147
21145
21140
21131
21127
21125
21118
21117
21109
21107
21079
21066
21058
21050
21040
21035
21019
21013
21010
21007
21006
20994
20990
20983
20979
20971
20968
20967
20957
20949
20943
20932
20930
20929
20927
20922
20919
20904
20900
20893
20892
20890
20880
20871
20869
20852
20848
20843
20842
20839
20833
20832
20830
20829
20827
20824
20810
20807
20806
20801
20799
20797
20792
20790
20786
20784
20782
20780
20770
20764
20762
20759
20751
20737
20736
20734
20731
20708
20680
20669
20664
20662
20654
20651
20639
20638
20637
20632
20629
20628
20624
20621
20620
20619
20616
20615
20588
20587
20586
20585
20581
20572
20564
20563
20562
20561
20558
20557
20556
20554
20553
20547
20543
20537
20536
20530
20528
20521
20519
20516
20514
20504
20503
20501
20489
20488
20484
20473
20471
20470
20460
20458
20457
20455
20454
20449
20447
20442
20441
20440
20437
20429
20425
20412
20409
20406
20405
20401
20387
20386
20385
20383
20378
20369
20316
20314
20312
20306
20298
20295
20284
20283
20282
20275
20273
20257
20254
20253
20252
20251
20250
20245
20244
20243
20235
20226
20224
20222
20213
20209
20208
20206
20204
20202
20201
20196
20195
20194
20191
20190
20186
20183
20181
20180
20175
20174
20173
20163
20160
20157
20156
20151
20148
20147
20146
20139
20137
20132
20127
20123
20121
20109
20107
20098
20093
20087
20087
20086
20086
20085
20077
20076
20068
20067
20055
20052
20046
20035
20034
20033
20028
20020
20018
20013
20010
20005
20001
19998
19990
19983
19981
19967
19965
19965
19961
19960
19959
19958
19957
19954
19950
19940
19937
19935
19930
19929
19926
19923
19920
19919
19918
19917
19912
19910
19905
19904
19901
19900
19892
19890
19883
19875
19874
19872
19868
19866
19865
19863
19861
19860
19859
19856
19851
19850
19844
19843
19841
19839
19836
19833
19820
19819
19818
19817
19816
19815
19811
19799
19796
19785
19784
19781
19779
19774
19762
19761
19760
19756
19751
19746
19743
19743
19739
19738
19736
19735
19731
19729
19725
19713
19700
19697
19695
19694
19688
19686
19681
19678
19675
19674
19671
19668
19665
19660
19656
19654
19652
19651
19648
19647
19636
19635
19632
19624
19622
19606
19603
19602
19600
19598
19597
19585
19583
19581
19576
19550
19548
19547
19536
19529
19528
19526
19525
19519
19517
19516
19515
19511
19505
19501
19500
19499
19483
19481
19480
19473
19472
19470
19464
19454
19453
19450
19446
19445
19442
19441
19440
19439
19433
19429
19427
19421
19419
19413
19411
19407
19406
19404
19401
19400
19398
19394
19393
19392
19391
19390
19386
19370
19367
19366
19361
19359
19352
19348
19347
19345
19342
19335
19332
19327
19322
19320
19317
19314
19311
19310
19308
19301
19300
19300
19299
19292
19287
19285
19284
19282
19278
19277
19276
19275
19274
19273
19269
19268
19255
19251
19249
19241
19240
19237
19236
19234
19233
19222
19218
19216
19213
19211
19205
19203
19201
19199
19182
19181
19179
19178
19176
19166
19164
19158
19153
19136
19134
19130
19117
19093
19090
19088
19081
19072
19058
19056
19049
19048
19045
19044
19038
19033
19030
19029
19027
19023
19022
19021
19009
19007
19004
18997
18996
18995
18990
18976
18975
18967
18942
18941
18939
18929
18928
18926
18924
18922
18920
18918
18913
18907
18906
18905
18904
18903
18902
18899
18892
18891
18881
18879
18876
18875
18874
18873
18868
18865
18862
18861
18860
18858
18856
18852
18848
18847
18842
18841
18837
18836
18832
18816
18812
18808
18805
18803
18799
18794
18793
18791
18789
18779
18777
18774
18773
18766
18758
18747
18739
18737
18731
18730
18725
18722
18719
18717
18709
18702
18701
18699
18698
18697
18684
18679
18674
18673
18671
18670
18666
18660
18657
18654
18651
18647
18646
18641
18638
18634
18633
18632
18630
18629
18628
18627
18626
18624
18622
18615
18614
18609
18605
18595
18593
18592
18591
18587
18581
18576
18575
18573
18555
18554
18552
18545
18541
18539
18533
18531
18524
18523
18520
18514
18512
18511
18510
18507
18503
18502
18499
18496
18494
18483
18481
18480
18470
18469
18467
18465
18462
18458
18453
18451
18446
18444
18432
18429
18425
18424
18417
18416
18413
18410
18401
18400
18399
18398
18397
18395
18394
18381
18380
18376
18373
18371
18370
18369
18368
18367
18366
18365
18364
18362
18361
18360
18357
18353
18351
18347
18337
18331
18326
18323
18320
18318
18311
18305
18296
18293
18284
18283
18282
18275
18269
18263
18260
18258
18254
18252
18251
18250
18247
18241
18241
18236
18230
18219
18215
18213
18211
18206
18204
18202
18199
18198
18195
18190
18188
18180
18179
18178
18177
18175
18161
18159
18155
18154
18153
18151
18147
18143
18142
18141
18136
18129
18127
18115
18109
18103
18103
18100
18099
18096
18094
18093
18086
18081
18080
18079
18077
18074
18071
18069
18069
18062
18057
18056
18052
18050
18048
18041
18034
18033
18019
18013
18011
18006
17997
17990
17988
17986
17984
17981
17980
17975
17974
17973
17972
17967
17954
17946
17945
17943
17936
17935
17931
17925
17920
17919
17918
17917
17912
17902
17901
17899
17898
17897
17893
17892
17891
17890
17884
17877
17873
17872
17870
17868
17865
17862
17861
17859
17857
17850
17848
17845
17843
17842
17838
17836
17833
17828
17825
17823
17821
17820
17812
17808
17805
17795
17792
17791
17788
17787
17785
17783
17782
17769
17765
17764
17763
17760
17756
17754
17746
17741
17739
17738
17730
17729
17726
17718
17714
17710
17709
17707
17706
17705
17698
17692
17690
17686
17678
17677
17676
17674
17673
17668
17653
17651
17650
17646
17643
17642
17632
17630
17628
17626
17623
17622
17621
17619
17608
17607
17606
17601
17599
17598
17595
17592
17591
17589
17582
17581
17575
17571
17565
17562
17554
17553
17547
17546
17542
17541
17538
17515
17514
17507
17504
17498
17497
17492
17491
17489
17487
17486
17481
17479
17478
17471
17466
17461
17460
17459
17448
17443
17442
17439
17434
17429
17425
17421
17418
17417
17415
17413
17412
17411
17404
17401
17400
17399
17398
17396
17395
17392
17389
17376
17370
17368
17365
17357
17345
17331
17329
17327
17324
17322
17320
17318
17317
17311
17310
17308
17305
17304
17303
17302
17299
17297
17295
17294
17293
17287
17280
17279
17278
17276
17263
17254
17250
17249
17248
17240
17238
17236
17234
17231
17230
17226
17225
17222
17219
17215
17211
17209
17206
17205
17204
17202
17200
17190
17186
17183
17181
17176
17175
17171
17169
17168
17165
17164
17158
17155
17154
17150
17145
17136
17135
17133
17132
17128
17124
17123
17118
17113
17112
17110
17106
17100
17082
17080
17074
17073
17066
17065
17056
17041
17034
17033
17032
17031
17030
17029
17028
17027
17026
17025
17022
17019
17016
17015
17007
17005
17001
16991
16983
16980
16976
16975
16974
16972
16969
16964
16963
16962
16957
16956
16955
16954
16951
16948
16944
16943
16942
16931
16925
16924
16922
16917
16915
16913
16911
16905
16904
16900
16892
16889
16887
16886
16883
16875
16866
16865
16860
16842
16838
16836
16833
16822
16821
16820
16818
16813
16806
16804
16801
16793
16792
16789
16783
16775
16774
16770
16768
16767
16764
16756
16751
16747
16744
16741
16736
16734
16725
16722
16716
16714
16711
16709
16705
16703
16693
16688
16686
16682
16680
16659
16658
16648
16645
16640
16636
16634
16624
16618
16608
16603
16600
16593
16592
16591
16587
16586
16578
16569
16568
16567
16563
16561
16558
16557
16532
16531
16526
16524
16521
16518
16515
16513
16512
16508
16503
16502
16497
16495
16485
16483
16481
16477
16473
16471
16469
16466
16461
16445
16444
16443
16442
16441
16433
16425
16423
16422
16420
16418
16417
16409
16403
16396
16395
16393
16391
16385
16384
16383
16382
16381
16378
16375
16367
16362
16355
16344
16343
16340
16339
16337
16336
16335
16318
16316
16315
16311
16309
16308
16292
16291
16289
16279
16275
16268
16258
16253
16252
16251
16240
16228
16227
16225
16217
16216
16215
16212
16210
16209
16208
16201
16199
16192
16175
16174
16145
16138
16137
16135
16130
16122
16120
16119
16078
16077
16076
16074
16069
16068
16061
16051
16050
16033
16029
16021
16019
16016
16002
15999
15986
15985
15971
15949
15942
15939
15938
15935
15934
15924
15913
15911
15910
15908
15903
15892
15886
15881
15879
15874
15871
15870
15854
15848
15836
15828
15827
15814
15812
15803
15796
15790
15764
15722
15697
15656
15608
15575
15566
15529
15521
15520
15518
15511
15505
15499
15487
15485
15469
15461
15458
15437
15432
15417
15402
15358
15340
15308
15283
15279
15214
15163
15159
15158
15120
15109
15108
15057
15029
14971
14970
14929
14900
14889
14856
14844
14819
14765
14749
14713
14699
14678
14650
14647
14636
14630
14586
14585
14584
14582
14542
14503
14471
14432
14419
14388
14357
14356
14340
14308
14214
14187
14181
14126
14026
14019
14009
13982
13968
13960
13926
13799
13762
13756
13755
13749
13640
13468
13402
13359
13288
13207
13143
13091
13058
13054
12959
12871
12850
12845
12826
12507
12457
12330
12321
12313
12312
12305
12266
12128
12110
11944
11651
11489
11473
11464
11257
11210
11089
10816
10794
10760
10751
10693
10541
10509
10483
10441
10396
10378
10377
10376
9384
8835
7157
